tconst	titleType	primaryTitle	originalTitle	isAdult	startYear	endYear	runtimeMinutes	genres
tt20090016	tvEpisode	Episode #2.25	Episode #2.25	0	2019	\N	\N	Action,Animation,Fantasy
tt20090290	short	Basement	Basement	0	2013	\N	5	Horror,Short
tt20090310	movie	Lettre à l'enfant que tu nous as donné	Lettre à l'enfant que tu nous as donné	0	2022	\N	84	Documentary
tt20090312	tvEpisode	The Night Brianna Vanished	The Night Brianna Vanished	0	2017	\N	\N	Documentary,News
tt20090318	tvEpisode	Sony Wants In-Game Ads??	Sony Wants In-Game Ads??	0	2022	\N	\N	Comedy
tt20090340	tvEpisode	Episode #2.39	Episode #2.39	0	2019	\N	\N	Action,Animation,Fantasy
tt20090378	tvEpisode	Episode #2.36	Episode #2.36	0	2019	\N	\N	Action,Animation,Fantasy
tt20090438	tvEpisode	Episode #2.40	Episode #2.40	0	2019	\N	\N	Action,Animation,Fantasy
tt20090718	tvEpisode	Episode #26.70	Episode #26.70	0	2022	\N	\N	Drama
tt20090782	tvEpisode	Episode #2.29	Episode #2.29	0	2019	\N	\N	Action,Animation,Fantasy
tt20090816	tvEpisode	Episode #2.30	Episode #2.30	0	2019	\N	\N	Action,Animation,Fantasy
tt20091032	short	Take Care	Take Care	0	2022	\N	23	Drama,Short
tt20091136	tvEpisode	Episode #2.27	Episode #2.27	0	2019	\N	\N	Action,Animation,Fantasy
tt20091262	short	Evening Caller	Evening Caller	0	2022	\N	10	Short
tt20091266	tvEpisode	Episode #2.28	Episode #2.28	0	2019	\N	\N	Action,Animation,Fantasy
tt20091312	tvEpisode	Blow And A Smile	Blow And A Smile	1	2015	\N	10	Adult
tt20091382	tvEpisode	Fall into Comedy	Fall into Comedy	0	2018	\N	\N	Talk-Show
tt20091386	tvEpisode	Episode #3.70	Episode #3.70	0	2010	\N	\N	Game-Show,Reality-TV
tt20091730	tvEpisode	Episode #2.31	Episode #2.31	0	2019	\N	\N	Action,Animation,Fantasy
tt20092160	tvEpisode	Mmm Milk	Mmm Milk	1	2014	\N	9	Adult
tt20092172	tvEpisode	Georgia Brown, Sam Levenson, Darren McGavin, Phyllis Newman - day 1	Georgia Brown, Sam Levenson, Darren McGavin, Phyllis Newman - day 1	0	1964	\N	\N	Family,Game-Show
tt20092192	tvEpisode	Episode #1.1	Episode #1.1	0	2022	\N	\N	Action,Adventure,Animation
tt20092466	short	Slaughter'd	Slaughter'd	0	2022	\N	5	Comedy,Horror,Short
tt20092562	tvEpisode	Episode #2.35	Episode #2.35	0	2019	\N	\N	Action,Animation,Fantasy
tt20092726	tvEpisode	L'eau	L'eau	0	2019	\N	\N	Documentary
tt20092818	tvEpisode	Episode #2.37	Episode #2.37	0	2019	\N	\N	Action,Animation,Fantasy
tt20092966	tvEpisode	Episode #1.3	Episode #1.3	0	2022	\N	\N	Action,Adventure,Animation
tt20093012	tvEpisode	Episode #2.38	Episode #2.38	0	2019	\N	\N	Action,Animation,Fantasy
tt20093246	short	Zoetrope	Zoetrope	0	2022	\N	13	Short
tt20093320	tvEpisode	Episode #1.5	Episode #1.5	0	2022	\N	\N	Action,Adventure,Animation
tt20094318	tvEpisode	Raging Rescue	Raging Rescue	0	2022	\N	\N	Documentary
tt20095216	tvEpisode	The Smoking Gun	The Smoking Gun	0	2018	\N	\N	Documentary,News
tt20095392	tvEpisode	Episode #1.4	Episode #1.4	0	2022	\N	\N	Action,Adventure,Animation
tt20095398	tvEpisode	Episode #1.2	Episode #1.2	0	2022	\N	\N	Action,Adventure,Animation
tt20096068	short	Allegiance	Allegiance	0	2022	\N	\N	Drama,Short
tt20096296	short	Ten Tense Tales	Ten Tense Tales	0	2014	\N	10	Short,Thriller
tt20096592	tvEpisode	Georgia Brown Sam Levenson Darren McGavin Phyllis Newman - day 2	Georgia Brown Sam Levenson Darren McGavin Phyllis Newman - day 2	0	1964	\N	\N	Family,Game-Show
tt20096796	tvEpisode	Georgia Brown Sam Levenson Darren McGavin Phyllis Newman - day 3	Georgia Brown Sam Levenson Darren McGavin Phyllis Newman - day 3	0	1964	\N	\N	Family,Game-Show
tt20096840	tvSeries	La Mesías	La Mesías	0	2023	2023	\N	Thriller
tt20097086	tvEpisode	Colne	Colne	0	2012	\N	\N	Reality-TV
tt20097584	tvEpisode	Georgia Brown Sam Levenson Darren McGavin Phyllis Newman - day 4	Georgia Brown Sam Levenson Darren McGavin Phyllis Newman - day 4	0	1964	\N	\N	Family,Game-Show
tt20097784	short	Legend of the Raven	Legend of the Raven	0	1957	\N	13	Documentary,Short
tt20097866	tvEpisode	Georgia Brown Sam Levenson Darren McGavin Phyllis Newman - day 5	Georgia Brown Sam Levenson Darren McGavin Phyllis Newman - day 5	0	1964	\N	\N	Family,Game-Show
tt20097988	short	Spoons	Spoons	0	2022	\N	\N	Comedy,Short
tt20098000	tvEpisode	Absagen ist keine Option	Absagen ist keine Option	0	2022	\N	\N	Drama
tt20098086	movie	Eartha Kitt C'est Si Bon	Eartha Kitt C'est Si Bon	0	2023	\N	120	Biography,History,Music
tt20098832	tvEpisode	Big Cock Destroy Two Ass Milena Briz and Carmen Rodrigez with Rimming, Gaping and Cum in Mouth VG055	Big Cock Destroy Two Ass Milena Briz and Carmen Rodrigez with Rimming, Gaping and Cum in Mouth VG055	1	2022	\N	48	Adult
tt20099010	tvEpisode	Oculus Quest 2 VR Review	Oculus Quest 2 VR Review	0	2022	\N	\N	Comedy
tt20099368	tvEpisode	Glendora's Mother's Day Celebration	Glendora's Mother's Day Celebration	0	2022	\N	\N	Short
tt20099508	short	The Pit and the Pendulum - a musicabre	The Pit and the Pendulum - a musicabre	0	2022	\N	29	Musical,Short
