tconst	titleType	primaryTitle	originalTitle	isAdult	startYear	endYear	runtimeMinutes	genres
tt17510222	short	Samantha	Samantha	0	\N	\N	\N	Crime,Short
tt17510290	short	Lullaby	Kolybel'naya	0	1966	\N	9	Documentary,Short
tt17510304	short	Saint Bathans Repetitions	Saint Bathans Repetitions	0	2016	\N	20	Short
tt17510318	short	Chalo Ishq Ladaye	Chalo Ishq Ladaye	0	2021	\N	9	Comedy,Short
tt17510648	short	E.M.I	E.M.I	0	2021	\N	20	Fantasy,Short
tt17510956	short	Rangraliyan 1	Rangraliyan 1	0	2021	\N	19	Fantasy,Short
tt17511002	short	Winter Sounds	Winter Sounds	0	2021	\N	12	Mystery,Short
tt17511006	short	What I Want	What I Want	0	2022	\N	\N	Drama,Short
tt17511182	short	The Ex	The Ex	0	\N	\N	\N	Comedy,Short
tt17511188	short	After Midnight	After Midnight	0	\N	\N	\N	Horror,Short,Thriller
tt17511206	short	My Happy Place	My Happy Place	0	2022	\N	18	Short
tt17511208	short	Orbital	Orbital	0	2022	\N	3	Sci-Fi,Short
tt17511214	short	A Dream Away	A Dream Away	0	2021	\N	\N	Drama,Short
tt17511290	short	Naughty Rasgulla	Naughty Rasgulla	0	2021	\N	22	Mystery,Short
tt17511436	short	Sur la même longueur d'onde	Sur la même longueur d'onde	0	2022	\N	30	Comedy,Short
tt17511454	short	Ostorozhno, hrupkoe!	Ostorozhno, hrupkoe!	0	2019	\N	15	Comedy,Short
tt17511460	short	The Diamond Q-Tip	The Diamond Q-Tip	0	2021	\N	5	Short,Western
tt17511486	short	Revanche - Im Wandel des Lichts	Revanche - Im Wandel des Lichts	0	2022	\N	2	Short
tt17511512	short	Briefs	Briefs	0	2022	\N	13	Drama,Short
tt17511570	short	Fall Hard	Fall Hard	0	2022	\N	\N	Action,Short
tt17511604	short	Driver	Driver	0	2022	\N	\N	Short,Thriller
tt17511696	short	Space Girl (First Time on the Farm)	Space Girl (First Time on the Farm)	0	2007	\N	10	Short
tt17511702	short	By the Hour	By the Hour	0	2021	\N	\N	Drama,Short
tt17511712	short	Nothing Is Real	Nothing Is Real	0	2022	\N	5	Comedy,Short
tt17511716	short	West Hill	West Hill	0	2022	\N	\N	Drama,Short
tt17511748	short	Nunca Estarei Lá	Nunca Estarei Lá	0	2022	\N	\N	Drama,Short
tt17511752	short	Chasing Life	Chasing Life	0	2022	\N	15	Documentary,Short
tt17511766	short	Plugawe Slowo	Plugawe Slowo	0	1973	\N	8	Animation,Short
tt17511808	short	The Pond	The Pond	0	2007	\N	5	Short
tt17511864	short	A New Journey Begins	A New Journey Begins	0	2021	\N	\N	Short
tt17511878	short	Quarantine Cleansing Project	Quarantine Cleansing Project	0	2021	\N	11	Short
tt17511892	short	Train Tracks	Train Tracks	0	2021	\N	\N	Short
tt17511912	short	Innocence	Innocence	0	2018	\N	\N	Drama,Short
tt17511956	short	Starstruck	Starstruck	0	2018	\N	\N	Drama,Short
tt17511974	short	Out Standing in His Field	Out Standing in His Field	0	2022	\N	9	Drama,Short
tt17511978	short	Trapped	Trapped	0	2021	\N	\N	Short
tt17512046	short	The Boy Who Wears the Ring I: The Fellowship of the Ring	The Boy Who Wears the Ring I: The Broship of the Ring	0	2015	\N	35	Adventure,Short
tt17512094	short	Lady Times	Lady Times	0	\N	\N	\N	Horror,Short
tt17512096	short	Les lettres de Lola	Les lettres de Lola	0	2020	\N	\N	Romance,Short
tt17512152	short	The Pallid Mask	The Pallid Mask	0	2021	\N	11	Horror,Short
tt17512156	short	How Would You Like to Pay?	How Would You Like to Pay?	0	2022	\N	5	Drama,Short,Thriller
tt17512202	short	Little Detective	Little Detective	0	2022	\N	\N	Adventure,Short
tt17512386	short	Project Romeo	Project Romeo	0	2022	\N	\N	Drama,Short
tt17512468	short	Pooka Kills!	Pooka Kills!	0	2021	\N	6	Horror,Short
tt17512472	short	Canibalismo	Canibalismo	0	2021	\N	\N	Drama,Horror,Short
tt17512604	short	Tuesday Morning	Tuesday Morning	0	\N	\N	\N	Drama,Short
tt17512618	short	SunRise	SunRise	0	\N	\N	\N	Short
tt17512640	short	Heroes & Heroine - Naked Woman Walks Down Hollywood Blvd for Artistic Purpose	Heroes & Heroine - Naked Woman Walks Down Hollywood Blvd for Artistic Purpose	0	2016	\N	8	Short
tt17512642	short	The 2020 Year Old Man	The 2020 Year Old Man	0	2021	\N	\N	Animation,Short
tt17512656	short	M-A-N-N-E-Q-U-I-N	M-A-N-N-E-Q-U-I-N	0	2021	\N	29	Drama,Short
tt17512736	short	Six Hours	Six Hours	0	2020	\N	\N	Drama,Short
tt17512744	short	Fischknusperli	Fischknusperli	0	2021	\N	9	Comedy,Short
tt17512856	short	Better Off Greg	Better Off Greg	0	\N	\N	\N	Comedy,Sci-Fi,Short
tt17512902	short	Four Walls	Four Walls	0	2019	\N	5	Drama,Short
tt17512932	short	Crosswalks	Crosswalks	0	2021	\N	5	Short
tt17512944	short	Home with You	Home with You	0	2022	\N	\N	Short
tt17512966	short	Lightblooded	Lightblooded	0	2021	\N	5	Short
tt17513084	short	Frágil Obediencia	Frágil Obediencia	0	2021	\N	\N	Drama,Short
tt17513126	short	Eternal Shadow	Eternal Shadow	0	2021	\N	\N	Drama,Short,Thriller
tt17513130	short	Vozes Suspeitas	Vozes Suspeitas	0	2018	\N	\N	Short,Thriller
tt17513134	short	Dejavú	Dejavú	0	2005	\N	\N	Drama,Short
tt17513160	short	Caricature Development	Caricature Development	0	\N	\N	\N	Comedy,Short
tt17513184	short	Flipping Bird (or, Send my Regards to Margaret Tapp)	Flipping Bird (or, Send my Regards to Margaret Tapp)	0	2022	\N	\N	Comedy,Short
tt17513254	short	Run to Me	Run to Me	0	\N	\N	\N	Horror,Short
tt17513264	short	Nature's Secrets: Florida State Parks	Nature's Secrets: Florida State Parks	0	2022	\N	10	Documentary,Short
tt17513270	short	Mother Issues	Mother Issues	0	\N	\N	\N	Horror,Short
tt17513280	short	Chicago White Sox: We Are Timeless	Chicago White Sox: We Are Timeless	0	2017	\N	\N	Short
tt17513308	short	Hit Parade	Hit Parade	0	1950	\N	25	Short
tt17513318	short	Marley	Marley	0	\N	\N	\N	Short,Thriller
tt17513320	short	Ride Home Vol. 2	Ride Home Vol. 2	0	2022	\N	\N	Drama,Short
tt17513322	short	Missed Alert	Missed Alert	0	2022	\N	\N	Horror,Short
tt17513334	short	Balam	Balam	0	\N	\N	\N	Fantasy,Horror,Short
tt17513348	short	Sepidar	Sepidar	0	2022	\N	11	Short
tt17513356	short	Gorilla Shaved Ice	Gorilla Shaved Ice	0	\N	\N	\N	Horror,Short
tt17513462	short	Enter the Panic Room	Enter the Panic Room	0	2022	\N	10	Drama,Short
tt17513526	short	Perfection Is A Facade	Perfection Is A Facade	0	\N	\N	\N	Drama,Short
tt17513540	short	Ai no michi shirube	Ai no michi shirube	0	1950	\N	\N	Short
tt17513554	short	Spring Break Forever	Spring Break Forever	0	2020	\N	14	Comedy,Short
tt17513614	short	The Resilience of a Woman in Pain	The Resilience of a Woman in Pain	0	\N	\N	27	Drama,Short
tt17513690	short	BHP: The Future Is Clear Low Emissions Transport	BHP: The Future Is Clear Low Emissions Transport	0	2021	\N	1	Short
tt17513738	short	Annika	Annika	0	2019	\N	20	Documentary,Short
tt17513792	short	BHP STEM Education Happening Now	BHP STEM Education Happening Now	0	2021	\N	1	Short
tt17513886	short	Snails Breakfast	Snails Breakfast	0	2022	\N	7	Animation,Drama,Short
tt17513914	short	El tragaluz del porvenir	El tragaluz del porvenir	0	2022	\N	6	Sci-Fi,Short
tt17513980	short	Cat vs Evil	Cat vs Evil	0	2021	\N	7	Short
tt17513986	short	The Window	The Window	0	2021	\N	11	Short
tt17514012	short	Not for me	Not for me	0	2022	\N	8	Animation,Short
tt17514034	short	Steps	Steps	0	2022	\N	9	Animation,Short
tt17514052	short	On the Way	On the Way	0	\N	\N	9	Drama,Short
tt17514060	short	Promise	Promise	0	2020	\N	3	Animation,Short
tt17514084	short	Sampark - Ummeed, ek naya savera	Sampark - Ummeed, ek naya savera	0	2017	\N	\N	Documentary,Short
tt17514090	short	The Obscurity of Anne	Potmara Anny	0	2019	\N	9	Animation,Short
tt17514104	short	Recursos Humanos	Recursos Humanos	0	2021	\N	7	Drama,Short
tt17514106	short	L'âme de rasoir	L'âme de rasoir	0	2022	\N	\N	Comedy,Short
tt17514164	short	Antisymmetry	Antisymmetry	0	2023	\N	\N	Fantasy,Short
tt17514212	short	Klept	Klept	0	2021	\N	\N	Drama,Short
tt17514636	short	Cacophony	Cacophony	0	2020	\N	3	Short
tt17514638	short	I'm sorry papa	I'm sorry papa	0	2022	\N	20	Drama,Short
tt17514668	short	Heist	Heist	0	2022	\N	2	Comedy,Short
tt17514934	short	Musa	Musa	0	2022	\N	20	Drama,Short
tt17515088	short	Blue	Blue	0	2021	\N	7	Short,Thriller
tt17515206	short	Die Überlebenden im Winter (The Survivors in Winter)	Die Überlebenden im Winter (The Survivors in Winter)	0	2020	\N	35	Documentary,Short
tt17515254	short	Le Radici di Marte	Le Radici di Marte	0	2021	\N	\N	Drama,Short
tt17515352	short	Nuance	Nuance	0	2020	\N	10	Romance,Short
tt17515372	short	Llanthu	Llanthu	0	2021	\N	\N	Drama,Short
tt17515854	short	Mia	Mia	0	2021	\N	\N	Crime,Short
tt17515940	short	Hungry	Hungry	0	2020	\N	\N	Horror,Short
tt17516008	short	Chasing the Last Flamingo	Chasing the Last Flamingo	0	2021	\N	\N	Short
tt17516098	short	Monster?	Monster?	0	2021	\N	9	Drama,Fantasy,Romance
tt17516144	short	3 A.M.	3 A.M.	0	2021	\N	\N	Short
tt17516174	short	A Good Home	A Good Home	0	\N	\N	\N	Documentary,Short
tt17516204	short	Addict	Addict	0	2014	\N	\N	Drama,Short,Thriller
tt17516460	short	Anteojos Sin Aumento	Anteojos Sin Aumento	0	2014	\N	\N	Comedy,Short
tt17516522	short	Una voce amica	Una voce amica	0	2021	\N	30	Drama,Short
tt17516570	short	The Concert	The Concert	0	\N	\N	13	Drama,Short
tt17516660	short	The answer	The answer	0	2021	\N	13	Short
tt17516706	short	La Mancia	La Mancia	0	1996	\N	\N	Drama,Short
tt17516752	short	Jour de Colère	Jour de Colère	0	2019	\N	\N	Documentary,Short
tt17516848	short	L'Etranger	L'Etranger	0	\N	\N	\N	Mystery,Short
tt17516972	short	Un désert	Un désert	0	2021	\N	\N	Documentary,Short
tt17516992	short	The Thrill	The Thrill	0	2022	\N	8	Drama,Music,Short
tt17517032	short	The 2020 Year Old Man	The 2020 Year Old Man	0	2021	\N	\N	Animation,Short
tt17517192	short	Camaleoa	Camaleoa	0	2023	\N	22	Horror,Short,Thriller
tt17517282	short	How About a Kiss	How About a Kiss	0	2020	\N	\N	Romance,Short
tt17517290	short	One Door Down	One Door Down	0	2022	\N	\N	Drama,Horror,Short
tt17517316	short	SitComTime	SitComTime	0	2022	\N	7	Comedy,Drama,Fantasy
tt17517370	short	F O R W A R D	F O R W A R D	0	2021	\N	5	Sci-Fi,Short
tt17517386	short	Double Dose Vaccine	Double Dose Vaccine	0	2021	\N	\N	Short
tt17517448	short	Super Sonic	Super Sonic	0	2019	\N	15	Romance,Short
tt17517460	short	The Modest Truth	The Modest Truth	0	2011	\N	15	Short
tt17517728	short	Dagur í lífi Gunnu	Dagur í lífi Gunnu	0	2021	\N	11	Drama,Short
tt17517812	short	L1ked	L1ked	0	2021	\N	\N	Horror,Short
tt17517814	short	Raju Gentleman	Raju Gentleman	0	2021	\N	7	Drama,Short
tt17517836	short	Missing	Missing	0	2014	\N	25	Drama,Short
tt17517864	short	Result Aaya Kya?	Result Aaya Kya?	0	2019	\N	\N	Short
tt17517952	short	17 Saal	17 Saal	0	2020	\N	\N	Drama,Short
tt17517972	short	Interview of Upcoming Dubai Film Director	Interview of Upcoming Dubai Film Director	0	2022	\N	12	Documentary,Short
tt17517996	short	Life is Now	Life is Now	0	2021	\N	\N	Short
tt17518066	short	Check-Six	Check-Six	0	2021	\N	\N	Drama,Short
tt17518086	short	Abbey	Abbey	0	2015	\N	7	Drama,Short
tt17518092	short	Kissed by the Sun	Kissed by the Sun	0	2020	\N	\N	Short
tt17518170	short	Kurt's Bloody Suicide	Kurt's Bloody Suicide	0	1984	\N	8	Horror,Mystery,Short
tt17518188	short	Journey to Jagdula	Journey to Jagdula	0	2021	\N	14	Short
tt17518266	short	Hazell and the Empty Cradle	Hazell and the Empty Cradle	0	2021	\N	8	Comedy,Short
tt17518276	short	Sojourner	Sojourner	0	2018	\N	22	Short
tt17518300	short	Bhogi Baba	Bhogi Baba	0	2019	\N	\N	Comedy,Short
tt17518322	short	Utopa	Utopa	0	2016	\N	23	Adventure,Animation,Sci-Fi
tt17518326	short	The New Hire	The New Hire	0	2022	\N	\N	Comedy,Short
tt17518332	short	Kacchikenee!	Kacchikenee!	0	2016	\N	24	Animation,Sci-Fi,Short
tt17518338	short	Like Mother, Like Daughter	Like Mother, Like Daughter	0	\N	\N	\N	Short,Thriller
tt17518340	short	Colorful Ninja Iromaki	Colorful Ninja Iromaki	0	2019	\N	24	Animation,Fantasy,Short
tt17518368	short	Estreno	Estreno	0	2021	\N	4	Comedy,Short
tt17518374	short	Sara Varone: Backstage Calendar	Sara Varone: Backstage Calendario	0	2009	\N	\N	Documentary,Short
tt17518382	short	The Longest Day of the Year	The Longest Day of the Year	0	2021	\N	\N	Comedy,Drama,Short
tt17518398	short	The Gladiolus Blossoms	The Gladiolus Blossoms	0	2022	\N	\N	Drama,Short
tt17518410	short	Filosofia della fantascienza	Filosofia della fantascienza	0	2019	\N	\N	Documentary,Sci-Fi,Short
tt17518448	short	Operation Desperation	Operation Desperation	0	2022	\N	5	Comedy,Horror,Mystery
tt17518476	short	It's Coming It's Real	It's Coming It's Real	0	2022	\N	\N	Short
tt17518492	short	Extra Credit	Extra Credit	0	2022	\N	\N	Comedy,Short
tt17518722	short	Der lange Weg	Der lange Weg	0	2009	\N	6	Comedy,Short
tt17518816	short	See You Soon	See You Soon	0	2022	\N	\N	Short,Thriller
tt17518824	short	The Cost of Living	The Cost of Living	0	2021	\N	10	Crime,Short
tt17518838	short	The Bow Hunters Search	The Bow Hunters Search	0	2021	\N	\N	Documentary,Short
tt17518852	short	C'est Le Geste Qui Compte	C'est Le Geste Qui Compte	0	2022	\N	\N	Short
tt17518918	short	Hers, Mine, Ours	Hers, Mine, Ours	0	2021	\N	\N	Drama,Short
tt17518928	short	Blue	Blue	0	2022	\N	17	Horror,Short,Thriller
tt17518930	short	Blood Sky	Blood Sky	0	1986	\N	4	Short
tt17518952	short	Rito de Passinho	Rito de Passinho	0	2021	\N	\N	Fantasy,Short
tt17518958	short	On with the Show: Eighty Years of Bugs Bunny Cartoons and Classical Music	On with the Show: Eighty Years of Bugs Bunny Cartoons and Classical Music	0	2022	\N	27	Documentary,Short
tt17518964	short	Depression Focus Please	Depression Focus Please	0	1984	\N	3	Short
tt17518968	short	Charlotte	Charlotte	0	2021	\N	\N	Short
tt17518974	short	Demonstration Sport	Demonstration Sport	0	2022	\N	19	Comedy,Short
tt17519086	short	Burying Kevin	Burying Kevin	0	2020	\N	\N	Comedy,Drama,Short
tt17519094	short	Detective Jack Berdett Animation	Detective Jack Berdett Animation	0	2021	\N	5	Animation,Comedy,Sci-Fi
tt17519108	short	Uncommon Application	Uncommon Application	0	2021	\N	17	Short
tt17519112	short	What Happens in the Dark	What Happens in the Dark	0	2021	\N	\N	Mystery,Short
tt17519158	short	Store Job	Store Job	0	2021	\N	9	Comedy,Short
tt17519176	short	Three Weeks	Three Weeks	0	2020	\N	15	Comedy,Short
tt17519178	short	KAYA: Harana x Half Free	KAYA: Harana x Half Free	0	2021	\N	\N	Music,Short
tt17519190	short	2 Ambitious	2 Ambitious	0	2022	\N	\N	Documentary,Short
tt17519218	short	Don't Sing Love Songs	Don't Sing Love Songs	0	2021	\N	4	Drama,Short
tt17519220	short	Born in Bradford	Born in Bradford	0	2020	\N	7	Documentary,Short
tt17519226	short	Ghostface 2	Ghostface 2	0	2022	\N	\N	Short,Thriller
tt17519236	short	Between Silence	Between Silence	0	2016	\N	16	Drama,Short
tt17519240	short	The Lamia	The Lamia	0	2016	\N	3	Horror,Short
tt17519242	short	Singularity	Singularity	0	2021	\N	\N	Sci-Fi,Short
tt17519244	short	No Filter	No Filter	0	2022	\N	15	Short
tt17519250	short	Stunted	Stunted	0	2022	\N	\N	Documentary,Short
tt17519266	short	They Took the Pigs!	They Took the Pigs!	0	2023	\N	\N	Sci-Fi,Short
tt17519290	short	The Hollow Men	The Hollow Men	0	2016	\N	6	Sci-Fi,Short
tt17519322	short	Let's Get 'Im	Let's Get 'Im	0	2022	\N	27	Drama,Short
tt17519324	short	Now is: I Am Happiness	Now is: I Am Happiness	0	2016	\N	8	Drama,Short
tt17519330	short	Boa Noite, Tess	Boa Noite, Tess	0	2017	\N	31	Action,Drama,Short
tt17519364	short	The Bitterman	The Bitterman	0	2021	\N	12	Action,Short
tt17519378	short	Self-Helpless	Self-Helpless	0	2022	\N	9	Comedy,Drama,Short
tt17519424	short	Fireflies	Lucciole	0	2022	\N	7	Short
tt17519442	short	This Is All I Have	This Is All I Have	0	2022	\N	9	Short
tt17519530	short	A Vampire out of Water	A Vampire out of Water	0	2021	\N	8	Horror,Short
tt17519560	short	The Mountain Guide	The Mountain Guide	0	2021	\N	11	Documentary,Short
tt17519576	short	Slurp	Slurp	0	2022	\N	10	Horror,Short
tt17519596	short	Cain Rose Up	Cain Rose Up	0	1989	\N	8	Drama,Short
tt17519660	short	Tumhari Pam Pam	Tumhari Pam Pam	0	2018	\N	\N	Romance,Short
tt17519688	short	Cain Rose Up	Cain Rose Up	0	2011	\N	15	Drama,Short
tt17519692	short	Cain Rose Up	Cain Rose Up	0	2021	\N	\N	Drama,Horror,Short
tt17519722	short	Last and First Woman	Last and First Woman	0	2021	\N	36	Sci-Fi,Short
tt17519760	short	Cain Rose Up	Cain Rose Up	0	2019	\N	\N	Drama,Short
tt17519806	short	Five Star	Five Star	0	2020	\N	\N	Romance,Short
tt17519820	short	Last Night	Last Night	0	2022	\N	\N	Drama,Short
tt17519850	short	Pacta Sunt Servanda	Pacta Sunt Servanda	0	2022	\N	3	Short,Thriller
tt17519944	short	Restless: A modern Odyssey of an ADHD	Restless: A modern Odyssey of an ADHD	0	2022	\N	\N	Short
tt17519948	short	Aspirational Slut	Aspirational Slut	0	2022	\N	14	Romance,Short
tt17519992	short	Who Was Marcie?	Who Was Marcie?	0	2022	\N	\N	Documentary,Short
