tconst	directors	writers
tt15740000	nm12036094	\N
tt15740002	nm12036094	\N
tt15740004	\N	\N
tt15740006	nm1247855	nm8816773,nm0710784,nm5100890,nm6575343
tt15740008	nm12036094	\N
tt15740010	\N	\N
tt15740012	nm12468603	\N
tt15740014	\N	\N
tt15740016	\N	\N
tt15740018	\N	\N
tt15740020	nm13053333	nm13053333
tt15740022	\N	\N
tt15740024	\N	\N
tt15740026	\N	\N
tt15740028	nm4985554	nm3083696,nm2194186,nm4985554,nm3994696,nm4056747
tt15740030	\N	\N
tt15740032	\N	\N
tt15740034	\N	\N
tt15740036	nm12231337	\N
tt15740038	nm4354220	nm3202759
tt15740040	\N	\N
tt15740042	nm12231337	\N
tt15740046	nm12231337	\N
tt15740048	nm13053443	nm13053447
tt15740060	nm1964139	nm1964139
tt15740068	\N	\N
tt15740070	\N	\N
tt15740072	nm12231337	\N
tt15740074	nm11483580	nm11483580
tt15740076	nm3109628	nm3109628
tt15740078	\N	nm12547921
tt15740080	\N	nm12547921
tt15740082	\N	\N
tt15740084	\N	\N
tt15740086	\N	nm12547921
tt15740088	\N	\N
tt15740090	\N	\N
tt15740092	\N	\N
tt15740094	\N	\N
tt15740096	nm13053475	\N
tt15740098	\N	\N
tt15740100	\N	\N
tt15740102	\N	\N
tt15740104	\N	\N
tt15740106	\N	nm12547921
tt15740108	nm6355129	\N
tt15740110	nm10202088	nm12942837
tt15740114	\N	nm12547921
tt15740116	\N	nm12547921
tt15740118	nm4985554	nm3083696,nm2194186,nm4985554,nm3994696,nm4056747
tt15740120	\N	nm12547921
tt15740122	nm8338644	nm8338644,nm8432398
tt15740124	\N	\N
tt15740126	nm12797515	nm12797515
tt15740128	\N	nm12547921
tt15740130	\N	\N
tt15740132	\N	\N
tt15740134	nm12231337	\N
tt15740138	\N	\N
tt15740140	\N	\N
tt15740142	nm12231337	\N
tt15740144	\N	nm10080143
tt15740146	\N	\N
tt15740148	\N	nm10080143
tt15740150	\N	\N
tt15740152	nm12231337	\N
tt15740154	nm11027156	nm11027156
tt15740156	nm11387389	nm11387389
tt15740158	nm12231337	\N
tt15740160	\N	\N
tt15740162	nm7217690	\N
tt15740164	\N	\N
tt15740166	nm12231337	\N
tt15740168	\N	\N
tt15740170	nm12231337	\N
tt15740172	\N	\N
tt15740174	nm13037547	nm13037547
tt15740176	\N	\N
tt15740178	\N	\N
tt15740180	nm13053520	\N
tt15740182	\N	\N
tt15740184	\N	\N
tt15740186	\N	\N
tt15740188	nm2198287	\N
tt15740190	\N	\N
tt15740192	nm12719172	nm13053537
tt15740194	\N	\N
tt15740196	nm2039738	nm3138901,nm1773670,nm1376105,nm11459557,nm3389058,nm1138512
tt15740198	nm13053539	nm13053539
tt15740200	\N	\N
tt15740202	\N	\N
tt15740204	\N	\N
tt15740206	nm1589678,nm8237059	nm12119348,nm0213441,nm1287095,nm4341444,nm8266399,nm1299336,nm8829609,nm12986884,nm1481568,nm12986880,nm12986881,nm7679981,nm12986882,nm12986897,nm1546173,nm3805156,nm12811525,nm5977845,nm12986883,nm12986893,nm4323421,nm12986894,nm5688990
tt15740208	\N	\N
tt15740210	\N	\N
tt15740212	nm2401789	\N
tt15740214	nm12231337	\N
tt15740216	\N	\N
tt15740220	\N	\N
tt15740222	nm12231337	\N
tt15740224	\N	\N
tt15740226	\N	\N
tt15740228	\N	\N
tt15740230	nm12231337	\N
tt15740232	nm2039738	nm3138901,nm1773670,nm1376105,nm11459557,nm3389058,nm1138512
tt15740234	\N	\N
tt15740236	\N	\N
tt15740238	nm10150659	\N
tt15740240	\N	\N
tt15740242	\N	\N
tt15740244	\N	\N
tt15740246	\N	\N
tt15740248	\N	\N
tt15740250	\N	\N
tt15740252	\N	\N
tt15740254	\N	\N
tt15740256	\N	\N
tt15740258	\N	\N
tt15740260	nm12231337	\N
tt15740262	\N	\N
tt15740266	\N	\N
tt15740268	nm3407609	nm5897449,nm12689862,nm10255353,nm4871524,nm8458604,nm3436784
tt15740270	nm6210209	nm12689862,nm10255353,nm4871524,nm8458604,nm3436784
tt15740272	nm2370288,nm6857825	nm12689862,nm10255353,nm4871524,nm13138659,nm13138658,nm8458604,nm13138661,nm3436784
tt15740274	nm3407609	nm12689862,nm10255353,nm4871524,nm8458604,nm3436784
tt15740276	nm11354399,nm9802168	nm9802168
tt15740278	nm12231337	\N
tt15740280	\N	\N
tt15740282	\N	\N
tt15740284	nm2370288,nm6857825	nm12689862,nm10255353,nm4871524,nm8458604,nm3778814,nm3436784
tt15740286	nm6210209	nm12689862,nm10255353,nm4871524,nm8458604,nm3436784
tt15740288	nm2370288,nm6857825	nm12689862,nm10255353,nm4871524,nm8458604,nm3436784
tt15740290	nm3407609	nm12689862,nm10255353,nm4871524,nm8458604,nm3436784
tt15740292	nm6210209	nm12689862,nm10255353,nm4871524,nm8458604,nm3436784
tt15740294	nm12231337	\N
tt15740296	nm12231337	\N
tt15740298	nm10678064	\N
tt15740302	nm12500358	nm12500358
tt15740304	nm12231337	\N
tt15740306	nm12231337	\N
tt15740308	nm12231337	\N
tt15740310	\N	\N
tt15740312	nm12231337	\N
tt15740314	nm12231337	\N
tt15740318	nm13053611,nm7477781	nm7477781,nm13053611
tt15740320	nm11273849	nm11273849
tt15740322	nm12231337	\N
tt15740324	\N	\N
tt15740328	\N	nm13053614,nm13053613,nm7365009
tt15740330	nm12231337	\N
tt15740332	nm0626071	nm1597686,nm0768058
tt15740336	nm12231337	\N
tt15740338	nm12231337	\N
tt15740340	nm12231337	\N
tt15740342	nm12231337	\N
tt15740344	\N	\N
tt15740346	\N	\N
tt15740348	nm12231337	\N
tt15740350	nm12231337	\N
tt15740352	nm12231337	\N
tt15740354	nm8856598	nm13053618,nm13066323,nm7224267,nm5605482
tt15740356	nm12231337	\N
tt15740358	nm12231337	\N
tt15740360	nm12231337	\N
tt15740362	nm8579987	nm10772180,nm8579987
tt15740364	nm12231337	\N
tt15740366	\N	\N
tt15740370	nm12231337	\N
tt15740372	\N	\N
tt15740374	nm8538291,nm1515782	\N
tt15740376	\N	\N
tt15740378	\N	\N
tt15740380	nm12231337	\N
tt15740382	\N	\N
tt15740386	\N	\N
tt15740388	nm3614597,nm4032004,nm12537273	nm1135355,nm0635191
tt15740390	\N	\N
tt15740392	nm2341780	\N
tt15740394	\N	\N
tt15740396	\N	nm13041258
tt15740398	nm12537273,nm4032004,nm3614597	nm1135355,nm0635191
tt15740400	\N	\N
tt15740402	\N	\N
tt15740404	\N	\N
tt15740406	nm11387389	nm11387389
tt15740408	\N	\N
tt15740410	nm0958116	nm0690168
tt15740412	nm11900687	nm11900687
tt15740414	\N	\N
tt15740416	nm12949733	\N
tt15740418	nm12036127	nm10738363
tt15740420	nm9013739	nm3625304,nm13032150
tt15740422	\N	\N
tt15740426	\N	\N
tt15740428	nm12409269	nm12409272,nm13053652,nm13053653,nm12409269
tt15740430	nm1806890	\N
tt15740432	nm7370664	nm7370664
tt15740434	\N	nm12406532,nm7220660,nm11809161
tt15740436	nm0066875	\N
tt15740438	nm12949733	\N
tt15740440	nm0066875	\N
tt15740442	nm0066875	\N
tt15740444	\N	\N
tt15740446	nm0066875	\N
tt15740448	nm0066875	\N
tt15740450	nm0066875	\N
tt15740452	\N	\N
tt15740454	nm0465164	nm2952841
tt15740456	\N	\N
tt15740458	nm0066875	\N
tt15740460	nm2337207	\N
tt15740462	\N	\N
tt15740464	nm0066875	\N
tt15740466	\N	\N
tt15740468	\N	\N
tt15740470	nm2337207	\N
tt15740472	nm0066875	\N
tt15740474	\N	\N
tt15740476	nm0048978	\N
tt15740478	nm0066875	\N
tt15740480	nm2337207	\N
tt15740482	nm0066875	\N
tt15740484	nm0066875	\N
tt15740486	\N	\N
tt15740490	nm0048978	\N
tt15740492	nm0066875	\N
tt15740494	nm0945324	nm3670348,nm2952841
tt15740496	nm0048978	\N
tt15740498	nm0066875	\N
tt15740500	nm0066875	\N
tt15740502	nm0066875	\N
tt15740504	nm0066875	\N
tt15740506	nm0066875	\N
tt15740508	nm1234631	nm2768563,nm3212171,nm1911240,nm7627236,nm6682589,nm1234631,nm4876679
tt15740510	nm0066875	\N
tt15740512	\N	\N
tt15740514	nm0066875	\N
tt15740516	nm0066875	\N
tt15740518	nm0066875	\N
tt15740520	nm13013722	nm13053687,nm13013722
tt15740522	nm9873602	nm8378131,nm9350191,nm13034671,nm13034672,nm13034673,nm13034674,nm11047165,nm11047164,nm5539691
tt15740524	nm0066875	\N
tt15740526	nm0066875	\N
tt15740528	nm0066875	\N
tt15740530	nm0766649	nm0778153
tt15740532	nm0066875	\N
tt15740534	nm3875927,nm1964700,nm1952769	nm1318524,nm1590779
tt15740536	nm0066875	\N
tt15740538	nm0066875	\N
tt15740540	nm0066875	\N
tt15740542	nm0066875	\N
tt15740544	\N	nm2586272
tt15740546	nm0066875	\N
tt15740548	nm0066875	\N
tt15740552	nm1234631	nm2768563,nm3212171,nm1911240,nm6682589,nm1234631,nm4876679
tt15740554	nm1234631	nm2768563,nm3212171,nm1911240,nm6682589,nm1234631,nm4876679
tt15740556	nm1234631	nm2768563,nm3212171,nm1911240,nm6682589,nm1234631,nm4876679
tt15740558	nm11942090,nm10835615	nm11942090,nm10835615
tt15740560	nm2363384	nm2363384
tt15740562	\N	nm8093244
tt15740564	nm12439967	nm12439967
tt15740566	nm2510720,nm2673208	nm2673208,nm2510720
tt15740568	\N	\N
tt15740570	\N	\N
tt15740574	nm5243569	nm13053720,nm13053721,nm5243569
tt15740576	\N	\N
tt15740580	\N	\N
tt15740582	nm4138483	nm4138483,nm3402328,nm7231177
tt15740584	nm8071832,nm4987043,nm3181933,nm6543209	\N
tt15740586	\N	\N
tt15740588	nm11880880	nm11880880
tt15740590	\N	\N
tt15740592	nm4770799	\N
tt15740594	\N	\N
tt15740596	nm0745131	nm0472277
tt15740598	\N	\N
tt15740600	nm9873602	nm8378131,nm9350191,nm13034671,nm13034672,nm13034673,nm13034674,nm11047165,nm11047164,nm5539691
tt15740602	nm5234914,nm1754650,nm4798400,nm2811041,nm0632300	\N
tt15740604	nm12439967	nm12439967
tt15740606	\N	\N
tt15740608	nm4770799	\N
tt15740612	\N	\N
tt15740614	nm13119730,nm10021363	nm10021363
tt15740616	nm11167255,nm0111587	nm0111587,nm11167255
tt15740618	nm0433812	nm4760662
tt15740620	nm2039738	nm3138901,nm1773670,nm1376105,nm11459557,nm3389058,nm1138512
tt15740622	nm0375040	nm0744546
tt15740624	nm0375040	nm8325079
tt15740626	nm0375040	nm11136478
tt15740630	nm0375040	nm1671981,nm4760662
tt15740634	nm8091497	nm7247050,nm8447665,nm8091497
tt15740636	\N	\N
tt15740638	nm13053757	\N
tt15740640	nm5055737,nm2594913	nm2594913
tt15740642	nm3691191	nm3691191
tt15740644	nm3141439	\N
tt15740646	nm4909251	\N
tt15740650	nm3468895	\N
tt15740652	nm4909251	\N
tt15740654	\N	\N
tt15740656	\N	nm13053614,nm13053613,nm7365009
tt15740660	\N	\N
tt15740662	\N	nm13053614,nm13053613,nm7365009
tt15740664	\N	\N
tt15740666	\N	\N
tt15740668	\N	\N
tt15740670	nm4909251	\N
tt15740672	\N	\N
tt15740674	\N	\N
tt15740676	\N	nm13053614,nm13053613,nm7365009
tt15740680	\N	\N
tt15740682	\N	nm13053614,nm13053613,nm7365009
tt15740684	nm5928283	nm5928283
tt15740686	\N	\N
tt15740688	\N	\N
tt15740690	nm9873602	nm8378131,nm13034671,nm13034672,nm13034673,nm13034674,nm11047165,nm11047164,nm5539691
tt15740692	\N	\N
tt15740694	\N	nm13053614,nm13053613,nm7365009
tt15740696	nm3575165,nm7339095	nm0609600,nm0744793,nm10827478,nm13013561,nm4838506,nm5697141,nm8258104
tt15740698	nm13053789	nm11622186
tt15740700	nm0461419,nm2996476,nm3575165,nm7339095	nm0609600,nm0744793,nm4397360,nm10827478,nm4679558,nm13013561,nm4838506,nm5697141,nm8258104
tt15740702	\N	\N
tt15740704	nm4909251	\N
tt15740706	nm9091174	nm12330738
tt15740708	\N	nm13053614,nm13053613,nm7365009
tt15740710	\N	\N
tt15740712	\N	nm13053614,nm13053613,nm7365009
tt15740714	nm4909251	\N
tt15740716	nm10939438	nm10939438
tt15740718	nm13053820	nm13053820,nm13053823
tt15740720	\N	\N
tt15740722	nm0387365	\N
tt15740724	\N	nm13053614,nm13053613,nm7365009
tt15740726	nm2633477	\N
tt15740728	\N	\N
tt15740730	\N	\N
tt15740732	\N	\N
tt15740734	nm2633477	\N
tt15740736	nm2273595	nm1148054,nm2131687,nm10068479,nm2273595
tt15740738	\N	\N
tt15740740	\N	nm13053614,nm13053613,nm7365009
tt15740742	\N	\N
tt15740744	nm4909251	\N
tt15740746	nm2633477	\N
tt15740748	\N	\N
tt15740750	\N	nm13053614,nm13053613,nm7365009
tt15740752	nm2633477	\N
tt15740754	nm0759332	nm0759332
tt15740756	nm4909251	\N
tt15740758	\N	\N
tt15740760	\N	\N
tt15740762	\N	\N
tt15740764	\N	\N
tt15740766	\N	\N
tt15740768	nm2791866	nm2791866
tt15740770	nm5215182	nm5215182,nm5774642
tt15740774	nm13053853,nm13053852	\N
tt15740776	nm13053856	nm12330738
tt15740778	nm3739531	nm3739531
tt15740784	nm7446984	nm7446984
tt15740786	nm4711608	\N
tt15740794	nm3579294	nm3579294
tt15740798	nm4562496	\N
tt15740800	nm6634819	\N
tt15740802	nm13053877	nm13053878,nm13053877
tt15740806	\N	\N
tt15740808	nm2594913,nm5055737	nm2594913
tt15740810	\N	\N
tt15740812	nm8701917	nm8701917
tt15740814	nm13000232	\N
tt15740816	\N	\N
tt15740818	\N	\N
tt15740820	nm13000232	\N
tt15740822	nm0266390,nm0471461,nm0795095,nm1600838	nm1281893,nm0912726,nm13154190
tt15740824	\N	\N
tt15740826	nm13000232	\N
tt15740828	nm1202249,nm0130509,nm12222470,nm1618871	nm0844327,nm1804726,nm2808738,nm0034201,nm0182911,nm1570786,nm7802394
tt15740832	\N	\N
tt15740834	\N	\N
tt15740836	\N	\N
tt15740838	\N	\N
tt15740840	\N	\N
tt15740842	\N	\N
tt15740844	nm7514707	nm12327261
tt15740846	nm7514707	nm12327261
tt15740848	nm13053905,nm13053908,nm13053906,nm13053904,nm9799194,nm3897675,nm13053907	nm13053904,nm13053907,nm9799194
tt15740850	nm4909251	\N
tt15740852	\N	\N
tt15740854	nm4770799	\N
tt15740856	\N	\N
tt15740858	\N	\N
tt15740862	\N	\N
tt15740864	\N	nm1774784
tt15740866	nm4909251	\N
tt15740868	nm4770799	\N
tt15740870	nm10625897	nm10286289,nm10625897
tt15740872	\N	\N
tt15740876	nm10148023	\N
tt15740878	\N	\N
tt15740880	nm4909251	\N
tt15740882	\N	\N
tt15740884	\N	\N
tt15740886	\N	\N
tt15740888	nm4770799	\N
tt15740890	\N	\N
tt15740892	\N	\N
tt15740894	\N	\N
tt15740896	nm10366686	nm4125490
tt15740898	nm0003667	nm2658492
tt15740900	nm4909251	\N
tt15740902	nm8195027,nm13112288,nm7042825,nm4854769	nm2913267,nm5969735,nm13053919,nm2147104
tt15740904	nm13053920	nm13053920
tt15740906	\N	nm7746400
tt15740908	\N	\N
tt15740910	nm2059316	\N
tt15740912	\N	\N
tt15740914	nm5049140,nm3741560,nm3035042	nm4087310,nm4942322,nm8760429,nm3065627,nm5445375
tt15740918	\N	\N
tt15740920	nm12400455	\N
tt15740922	\N	\N
tt15740924	\N	\N
tt15740928	nm4546245,nm1162979	nm1162979,nm13053964
tt15740930	nm5269516	nm5269516
tt15740932	nm11196204	nm5648322,nm11196204
tt15740936	\N	\N
tt15740938	\N	\N
tt15740940	\N	\N
tt15740942	\N	\N
tt15740944	nm0335337	nm0005082,nm11353819,nm5518269,nm6164073,nm3244051
tt15740946	\N	\N
tt15740950	\N	\N
tt15740954	\N	\N
tt15740956	\N	\N
tt15740958	\N	\N
tt15740960	\N	\N
tt15740962	nm9782470	nm12990798,nm12990800
tt15740964	nm4238675,nm5748883	\N
tt15740968	\N	\N
tt15740972	\N	\N
tt15740974	nm3406794,nm4292208	nm0883742
tt15740976	nm3406794,nm4292208	nm0883742
tt15740978	\N	\N
tt15740980	\N	\N
tt15740982	nm13053975	\N
tt15740984	\N	\N
tt15740986	\N	\N
tt15740988	\N	\N
tt15740990	\N	\N
tt15740992	nm8059320	\N
tt15740996	nm0694382	nm4778593,nm4661119
tt15740998	\N	\N
tt15741000	nm0694382	nm4778593,nm4661119
tt15741002	nm5625770	\N
tt15741004	\N	\N
tt15741006	\N	\N
tt15741008	nm4909251	\N
tt15741010	\N	\N
tt15741012	\N	\N
tt15741014	\N	\N
tt15741016	nm8599766	nm8599766
tt15741018	\N	\N
tt15741020	nm4909251	\N
tt15741022	\N	\N
tt15741024	\N	\N
tt15741026	\N	\N
tt15741030	nm1628170	nm1628170
tt15741032	nm4909251	\N
tt15741034	\N	\N
tt15741036	\N	nm3183045
tt15741038	\N	\N
tt15741040	nm4909251	\N
tt15741044	\N	\N
tt15741046	nm8195027	nm2147104
tt15741048	nm2063935	nm3396105
tt15741050	nm2063935	nm3396105
tt15741052	nm4909251	\N
tt15741054	\N	\N
tt15741056	nm2063935	nm3396105
tt15741058	nm2063935	nm3396105
tt15741060	nm9810231	nm9810231
tt15741062	nm2063935	nm3396105
tt15741064	nm2063935	nm3396105
tt15741066	\N	\N
tt15741068	nm2063935	nm3396105
tt15741070	\N	\N
tt15741072	nm2063935	nm3396105
tt15741074	\N	\N
tt15741076	nm1729058,nm0401125	nm1747274,nm2778326,nm2709166
tt15741078	nm8382647,nm5213446	nm5213446,nm8382647
tt15741080	nm9810231	nm9810231
tt15741082	\N	\N
tt15741084	nm0401125,nm1729058	nm2205729,nm2778326,nm2709166
tt15741086	nm11977411	\N
tt15741088	nm0411853	nm0411853,nm0870992
tt15741090	nm1729058,nm0401125	nm2205729,nm2778326,nm2709166
tt15741092	nm1729058,nm0401125	nm2205729,nm2778326,nm2709166
tt15741094	nm2715468,nm13054023	\N
tt15741096	nm9810231	nm9810231
tt15741098	nm8382647,nm5213446	nm5213446,nm8382647,nm5201214
tt15741100	nm2425324,nm3801407	\N
tt15741102	nm1729058,nm0401125	nm2205729,nm2778326,nm2709166
tt15741104	\N	\N
tt15741108	nm5213446,nm8382647	nm5213446,nm8382647
tt15741110	nm0401125,nm1729058	nm2205729,nm2778326,nm2709166
tt15741112	nm12279219	nm1480726,nm4462956,nm1150495,nm1064543,nm3782646,nm9232829,nm2870358,nm1950891
tt15741114	\N	\N
tt15741116	nm4909251	\N
tt15741118	nm9983432	\N
tt15741120	nm11659676	nm11659676
tt15741122	nm3898907,nm0401125,nm1729058	nm1747274,nm3142877,nm2205729,nm2778326,nm2709166
tt15741124	nm11926509	nm11926509
tt15741126	nm10914127,nm12845460	nm10914127,nm12845460
tt15741128	nm4909251	\N
tt15741130	nm8888339,nm5841536	nm8888339,nm5841536
tt15741132	nm1729058,nm0401125	nm1747274,nm2778326
tt15741134	\N	nm5525203
tt15741136	nm6675666	\N
tt15741138	nm8949981	nm8949981
tt15741140	nm5213446,nm8382647	nm5213446,nm8382647
tt15741142	nm2618208	\N
tt15741144	nm2618208	\N
tt15741146	nm2618208	\N
tt15741148	nm2618208	\N
tt15741150	nm5213446,nm8382647	nm5213446,nm8382647
tt15741152	nm6720422	nm6720422
tt15741154	\N	\N
tt15741158	\N	\N
tt15741160	nm12845814	nm12845814,nm9594410
tt15741162	nm8382647,nm5213446	nm5213446,nm8382647
tt15741164	nm6244514	\N
tt15741166	\N	\N
tt15741168	nm13054062,nm13054063	\N
tt15741170	\N	nm5928283
tt15741172	nm0928319	\N
tt15741176	\N	\N
tt15741178	\N	\N
tt15741180	\N	\N
tt15741184	nm2767973	nm13054079,nm2767973,nm13054080
tt15741186	nm3911041	\N
tt15741190	nm7194615	\N
tt15741192	nm7549854	nm7549854
tt15741194	\N	\N
tt15741196	nm13312097	\N
tt15741198	\N	\N
tt15741200	nm0456326	nm0456326,nm13054084
tt15741202	nm3305020	nm8951912,nm6141218,nm7712609,nm3102104,nm3010894
tt15741204	\N	\N
tt15741206	\N	\N
tt15741208	nm10947009	\N
tt15741210	nm1732940,nm7032639	nm11871999,nm9918690
tt15741212	nm1732940,nm7032639	nm11871999,nm9918690
tt15741214	\N	\N
tt15741216	\N	\N
tt15741218	\N	\N
tt15741220	nm7032639,nm1732940	nm11871999,nm9918690
tt15741222	nm1732940,nm7032639	nm11871999,nm9918690
tt15741224	nm1732940,nm7032639	nm11871999,nm9918690
tt15741226	\N	\N
tt15741228	nm0471461,nm1600838,nm0266390,nm0795095	nm2380834,nm0912726,nm13154190
tt15741230	nm1732940,nm7032639	nm11871999,nm9918690
tt15741232	nm7032639,nm1732940	nm11871999,nm9918690
tt15741234	\N	\N
tt15741236	\N	\N
tt15741238	nm1732940,nm7032639	nm11871999,nm9918690
tt15741240	nm7032639,nm1732940	nm11871999,nm9918690
tt15741242	nm4909251	\N
tt15741244	nm1732940,nm7032639	nm11871999,nm9918690
tt15741248	\N	\N
tt15741250	\N	\N
tt15741252	\N	\N
tt15741254	\N	\N
tt15741256	nm2511518	nm1297945,nm2511518,nm9468104
tt15741260	nm13054114	nm13054114
tt15741262	\N	\N
tt15741264	nm4909251	\N
tt15741266	nm0645401	nm1464895,nm0722274,nm1818250,nm7365097,nm11308544,nm9354541,nm9204208
tt15741268	\N	\N
tt15741270	\N	\N
tt15741276	nm1732940,nm7032639	nm11871999,nm9918690
tt15741278	\N	\N
tt15741282	nm4909251	\N
tt15741284	\N	\N
tt15741286	\N	\N
tt15741288	\N	\N
tt15741290	\N	\N
tt15741292	\N	\N
tt15741294	\N	\N
tt15741296	\N	\N
tt15741298	\N	\N
tt15741300	nm10157425	nm10157425,nm10649845
tt15741302	nm4909251	\N
tt15741304	\N	\N
tt15741306	\N	\N
tt15741308	\N	\N
tt15741310	nm5311083	nm12515562,nm5411362,nm8865489,nm2540478,nm12087372,nm13286480,nm11905104
tt15741312	\N	\N
tt15741314	\N	\N
tt15741316	nm5311083	nm12515562,nm5411362,nm8865489,nm2540478,nm12087372,nm13286480,nm11905104
tt15741318	\N	\N
tt15741320	nm2376017	nm11703313,nm1013053,nm11762221,nm1101200,nm2121972
tt15741324	nm3021588,nm1598205,nm2041214	nm6268701,nm0948412
tt15741326	\N	\N
tt15741328	\N	\N
tt15741332	\N	\N
tt15741334	nm3021588,nm1598205,nm3190380	nm6268701,nm0948412
tt15741336	nm3204137	nm3204137
tt15741340	nm3190380	nm6268701,nm0948412
tt15741342	\N	\N
tt15741344	nm2357165	\N
tt15741348	\N	\N
tt15741352	nm2007278,nm4389150	\N
tt15741356	nm0058962,nm0533251,nm13054149,nm0774699	nm1559033,nm0956307
tt15741364	\N	\N
tt15741370	nm2882008	nm13537641,nm13537640,nm0069642,nm0665091,nm13054180
tt15741372	nm3033057	nm11622191
tt15741380	nm5975296,nm9585751	nm10553385,nm5277288,nm9585751,nm10553386,nm5474689
tt15741382	\N	\N
tt15741384	\N	\N
tt15741390	\N	nm8044005
tt15741392	nm0923935	\N
tt15741394	\N	\N
tt15741396	\N	\N
tt15741398	\N	\N
tt15741400	\N	\N
tt15741402	nm5975296,nm9585751	nm10553385,nm5277288,nm9585751,nm10553386,nm5474689
tt15741406	nm0923935	\N
tt15741408	\N	\N
tt15741410	\N	\N
tt15741412	nm0923935	\N
tt15741414	\N	\N
tt15741416	\N	\N
tt15741418	\N	\N
tt15741420	\N	\N
tt15741422	nm0923935	\N
tt15741424	\N	\N
tt15741426	\N	\N
tt15741428	\N	\N
tt15741430	nm4741058	nm4741058
tt15741432	\N	\N
tt15741434	nm0923935	\N
tt15741436	\N	\N
tt15741438	nm10173816	nm4970554,nm13054222,nm2431836
tt15741440	\N	\N
tt15741442	\N	\N
tt15741444	\N	\N
tt15741448	\N	\N
tt15741450	\N	\N
tt15741452	nm6167119	nm6167119
tt15741454	nm0923935	\N
tt15741456	\N	\N
tt15741458	\N	\N
tt15741460	nm5102029	nm10102122,nm13456763,nm1907447
tt15741462	nm13054023	\N
tt15741464	\N	\N
tt15741466	\N	\N
tt15741474	nm13054260	nm13054261
tt15741476	nm10302489	\N
tt15741478	nm13054283	nm13054283
tt15741486	nm0906687	nm13054288,nm4316762
tt15741488	nm0548419	nm0316841,nm0536969,nm0548419,nm2595823
tt15741492	nm0548419	nm0316841,nm0536969,nm0548419,nm2595823
tt15741494	nm0548419	nm0316841,nm0536969,nm0548419,nm2595823
tt15741496	nm0548419	nm0316841,nm0536969,nm0548419,nm2595823
tt15741498	nm0548419	nm0316841,nm0536969,nm0548419,nm2595823
tt15741500	nm0548419	nm0316841,nm0536969,nm0548419,nm2595823
tt15741502	\N	\N
tt15741504	nm0548419	nm0316841,nm0536969,nm0548419,nm2595823
tt15741506	nm0548419	nm0316841,nm0536969,nm0548419,nm2595823
tt15741508	nm0548419	nm0316841,nm0536969,nm0548419,nm2595823
tt15741510	nm0548419	nm0316841,nm0536969,nm0548419,nm2595823
tt15741512	nm0548419	nm0316841,nm0536969,nm0548419,nm2595823
tt15741514	nm0548419	nm0316841,nm0536969,nm0548419,nm2595823
tt15741516	nm0548419	nm0316841,nm0536969,nm0548419,nm2595823
tt15741518	nm0548419	nm0316841,nm0536969,nm0548419,nm2595823
tt15741522	nm12512273	\N
tt15741524	nm0548419	nm0316841,nm0536969,nm0548419,nm2595823
tt15741526	nm0548419	nm0316841,nm0536969,nm0548419,nm2595823
tt15741528	nm0548419	nm0316841,nm0536969,nm0548419,nm2595823
tt15741530	nm0548419	nm0316841,nm0536969,nm0548419,nm2595823
tt15741532	nm0548419	nm0316841,nm0536969,nm0548419,nm2595823
tt15741534	nm0548419	nm0316841,nm0536969,nm0548419,nm2595823
tt15741536	nm0548419	nm0316841,nm0536969,nm0548419,nm2595823
tt15741538	nm0548419	nm0316841,nm0536969,nm0548419,nm2595823
tt15741540	nm0548419	nm0316841,nm0536969,nm0548419,nm2595823
tt15741542	nm0548419	nm0316841,nm0536969,nm0548419,nm2595823
tt15741544	nm0548419	nm0316841,nm0536969,nm0548419,nm2595823
tt15741546	nm0548419	nm0316841,nm0536969,nm0548419,nm2595823
tt15741548	nm0548419	nm0316841,nm0536969,nm0548419,nm2595823
tt15741550	nm0548419	nm0316841,nm0536969,nm0548419,nm2595823
tt15741552	nm0548419	nm0316841,nm0536969,nm0548419,nm2595823
tt15741554	nm2725426	\N
tt15741556	nm13045532	nm13045532
tt15741558	nm0548419	nm0316841,nm0536969,nm0548419,nm2595823
tt15741560	nm13054327	\N
tt15741562	nm0548419	nm0316841,nm0536969,nm0548419,nm2595823
tt15741564	nm0548419	nm0316841,nm0536969,nm0548419,nm2595823
tt15741566	nm0548419	nm0316841,nm0536969,nm0548419,nm2595823
tt15741568	nm0548419	nm0316841,nm0536969,nm0548419,nm2595823
tt15741570	nm0548419	nm0316841,nm0536969,nm0548419,nm2595823
tt15741572	nm0548419	nm0316841,nm0536969,nm0548419,nm2595823
tt15741574	nm0548419	nm0316841,nm0536969,nm0548419,nm2595823
tt15741576	nm0548419	nm0316841,nm0536969,nm0548419,nm2595823
tt15741578	nm0548419	nm0316841,nm0536969,nm0548419,nm2595823
tt15741580	nm9630195	nm9630195
tt15741584	nm0548419	nm0316841,nm0536969,nm0548419,nm2595823
tt15741586	nm0548419	nm0316841,nm0536969,nm0548419,nm2595823
tt15741588	\N	\N
tt15741590	nm0548419	nm0316841,nm0536969,nm0548419,nm2595823
tt15741592	nm0548419	nm0316841,nm0536969,nm0548419,nm2595823
tt15741594	nm0548419	nm0316841,nm0536969,nm0548419,nm2595823
tt15741596	nm0548419	nm0316841,nm0536969,nm0548419,nm2595823
tt15741598	nm0548419	nm0316841,nm0536969,nm0548419,nm2595823
tt15741600	nm0548419	nm0316841,nm0536969,nm0548419,nm2595823
tt15741602	nm5679266	nm13054344,nm8615939,nm2337465
tt15741604	nm0548419	nm0316841,nm0536969,nm0548419,nm2595823
tt15741606	nm0548419	nm0316841,nm0536969,nm0548419,nm2595823
tt15741608	nm0548419	nm0316841,nm0536969,nm0548419,nm2595823
tt15741610	nm0548419	nm0316841,nm0536969,nm0548419,nm2595823
tt15741612	nm0548419	nm0316841,nm0536969,nm0548419,nm2595823
tt15741614	nm0548419	nm0316841,nm0536969,nm0548419,nm2595823
tt15741616	nm0548419	nm0316841,nm0536969,nm0548419,nm2595823
tt15741618	nm0548419	nm0316841,nm0536969,nm0548419,nm2595823
tt15741620	nm0548419	nm0316841,nm0536969,nm0548419,nm2595823
tt15741622	nm0548419	nm0316841,nm0536969,nm0548419,nm2595823
tt15741624	nm0548419	nm0316841,nm0536969,nm0548419,nm2595823
tt15741626	nm0548419	nm0316841,nm0536969,nm0548419,nm2595823
tt15741628	nm0548419	nm0316841,nm0536969,nm0548419,nm2595823
tt15741630	nm0548419	nm0316841,nm0536969,nm0548419,nm2595823
tt15741632	nm0548419	nm0316841,nm0536969,nm0548419,nm2595823
tt15741634	nm0548419	nm0316841,nm0536969,nm0548419,nm2595823
tt15741636	nm0548419	nm0316841,nm0536969,nm0548419,nm2595823
tt15741638	nm0548419	nm0316841,nm0536969,nm0548419,nm2595823
tt15741640	nm0548419	nm0316841,nm0536969,nm0548419,nm2595823
tt15741642	nm0548419	nm0316841,nm0536969,nm0548419,nm2595823
tt15741644	nm0548419	nm0316841,nm0536969,nm0548419,nm2595823
tt15741646	nm0548419	nm0316841,nm0536969,nm0548419,nm2595823
tt15741648	nm0548419	nm0316841,nm0536969,nm0548419,nm2595823
tt15741650	nm0548419	nm0316841,nm0536969,nm0548419,nm2595823
tt15741652	nm0548419	nm0316841,nm0536969,nm0548419,nm2595823
tt15741654	nm0548419	nm0316841,nm0536969,nm0548419,nm2595823
tt15741656	nm0548419	nm0316841,nm0536969,nm0548419,nm2595823
tt15741660	nm0548419	nm0316841,nm0536969,nm0548419,nm2595823
tt15741662	nm0548419	nm0316841,nm0536969,nm0548419,nm2595823
tt15741664	nm0548419	nm0316841,nm0536969,nm0548419,nm2595823
tt15741666	nm0548419	nm0316841,nm0536969,nm0548419,nm2595823
tt15741670	nm0548419	nm0316841,nm0536969,nm0548419,nm2595823
tt15741672	nm0548419	nm0316841,nm0536969,nm0548419,nm2595823
tt15741676	nm0548419	nm0316841,nm0536969,nm0548419,nm2595823
tt15741678	nm0548419	nm0316841,nm0536969,nm0548419,nm2595823
tt15741680	nm13054355	\N
tt15741682	nm0548419	nm0316841,nm0536969,nm0548419,nm2595823
tt15741684	nm0548419	nm0316841,nm0536969,nm0548419,nm2595823
tt15741686	nm10148023	\N
tt15741690	nm0548419	nm0316841,nm0536969,nm0548419,nm2595823
tt15741692	nm0548419	nm0316841,nm0536969,nm0548419,nm2595823
tt15741694	nm0548419	nm0316841,nm0536969,nm0548419,nm2595823
tt15741698	nm0548419	nm0316841,nm0536969,nm0548419,nm2595823
tt15741700	nm0548419	nm0316841,nm0536969,nm0548419,nm2595823
tt15741702	nm0548419	nm0316841,nm0536969,nm0548419,nm2595823
tt15741706	nm0548419	nm0316841,nm0536969,nm0548419,nm2595823
tt15741708	nm0548419	nm0316841,nm0536969,nm0548419,nm2595823
tt15741710	nm0548419	nm0316841,nm0536969,nm0548419,nm2595823
tt15741712	nm1729228	nm9586187,nm1729438
tt15741716	nm0548419	nm0316841,nm0536969,nm0548419,nm2595823
tt15741718	nm0548419	nm0316841,nm0536969,nm0548419,nm2595823
tt15741720	nm0548419	nm0316841,nm0536969,nm0548419,nm2595823
tt15741722	nm0548419	nm0316841,nm0536969,nm0548419,nm2595823
tt15741724	nm0548419	nm0316841,nm0536969,nm0548419,nm2595823
tt15741728	nm0548419	nm0316841,nm0536969,nm0548419,nm2595823
tt15741730	nm1729228	nm9586187,nm1729438
tt15741732	nm0548419	nm0316841,nm0536969,nm0548419,nm2595823
tt15741734	nm0548419	nm0316841,nm0536969,nm0548419,nm2595823
tt15741738	nm0548419	nm0316841,nm0536969,nm0548419,nm2595823
tt15741740	nm0548419	nm0316841,nm0536969,nm0548419,nm2595823
tt15741742	nm0548419	nm0316841,nm0536969,nm0548419,nm2595823
tt15741744	nm0548419	nm0316841,nm0536969,nm0548419,nm2595823
tt15741746	nm0548419	nm0316841,nm0536969,nm0548419,nm2595823
tt15741748	nm0548419	nm0316841,nm0536969,nm0548419,nm2595823
tt15741750	nm0548419	nm0316841,nm0536969,nm0548419,nm2595823
tt15741752	nm0548419	nm0316841,nm0536969,nm0548419,nm2595823
tt15741754	nm0548419	nm0316841,nm0536969,nm0548419,nm2595823
tt15741756	nm0548419	nm0316841,nm0536969,nm0548419,nm2595823
tt15741758	nm0548419	nm0316841,nm0536969,nm0548419,nm2595823
tt15741760	nm0548419	nm0316841,nm0536969,nm0548419,nm2595823
tt15741762	nm0548419	nm0316841,nm0536969,nm0548419,nm2595823
tt15741764	nm0548419	nm0316841,nm0536969,nm0548419,nm2595823
tt15741766	nm0548419	nm0316841,nm0536969,nm0548419,nm2595823
tt15741768	nm0548419	nm0316841,nm0536969,nm0548419,nm2595823
tt15741770	nm0548419	nm0316841,nm0536969,nm0548419,nm2595823
tt15741772	nm0548419	nm0316841,nm0536969,nm0548419,nm2595823
tt15741774	nm0548419	nm0316841,nm0536969,nm0548419,nm2595823
tt15741776	nm0548419	nm0316841,nm0536969,nm0548419,nm2595823
tt15741778	nm0548419	nm0316841,nm0536969,nm0548419,nm2595823
tt15741780	nm0548419	nm0316841,nm0536969,nm0548419,nm2595823
tt15741782	nm0548419	nm0316841,nm0536969,nm0548419,nm2595823
tt15741784	nm0548419	nm0316841,nm0536969,nm0548419,nm2595823
tt15741786	nm0548419	nm0316841,nm0536969,nm0548419,nm2595823
tt15741788	\N	\N
tt15741790	nm0548419	nm0316841,nm0536969,nm0548419,nm2595823
tt15741792	nm0548419	nm0316841,nm0536969,nm0548419,nm2595823
tt15741794	nm0548419	nm0316841,nm0536969,nm0548419,nm2595823
tt15741796	nm0548419	nm0316841,nm0536969,nm0548419,nm2595823
tt15741798	nm0548419	nm0316841,nm0536969,nm0548419,nm2595823
tt15741800	nm0548419	nm0316841,nm0536969,nm0548419,nm2595823
tt15741802	nm0548419	nm0316841,nm0536969,nm0548419,nm2595823
tt15741804	nm0548419	nm0316841,nm0536969,nm0548419,nm2595823
tt15741806	nm0548419	nm0316841,nm0536969,nm0548419,nm2595823
tt15741808	nm13034426	\N
tt15741810	nm0548419	nm0316841,nm0536969,nm0548419,nm2595823
tt15741814	nm0548419	nm0316841,nm0536969,nm0548419,nm2595823
tt15741816	nm0548419	nm0316841,nm0536969,nm0548419,nm2595823
tt15741818	nm0548419	nm0316841,nm0536969,nm0548419,nm2595823
tt15741820	nm0548419	nm0316841,nm0536969,nm0548419,nm2595823
tt15741822	\N	\N
tt15741824	nm0548419	nm0316841,nm0536969,nm0548419,nm2595823
tt15741826	nm0548419	nm0316841,nm0536969,nm0548419,nm2595823
tt15741828	nm0548419	nm0316841,nm0536969,nm0548419,nm2595823
tt15741830	nm4695372	nm13037609,nm11975486
tt15741832	nm0548419	nm0316841,nm0536969,nm0548419,nm2595823
tt15741834	nm0548419	nm0316841,nm0536969,nm0548419,nm2595823
tt15741836	nm0548419	nm0316841,nm0536969,nm0548419,nm2595823
tt15741838	nm0548419	nm0316841,nm0536969,nm0548419,nm2595823
tt15741842	nm0548419	nm0316841,nm0536969,nm0548419,nm2595823
tt15741844	nm0548419	nm0316841,nm0536969,nm0548419,nm2595823
tt15741846	nm0548419	nm0316841,nm0536969,nm0548419,nm2595823
tt15741848	nm0548419	nm0316841,nm0536969,nm0548419,nm2595823
tt15741850	nm0548419	nm0316841,nm0536969,nm0548419,nm2595823
tt15741852	nm0548419	nm0316841,nm0536969,nm0548419,nm2595823
tt15741854	nm7489398	nm7489398,nm12995283,nm8795652
tt15741856	nm0548419	nm0316841,nm0536969,nm0548419,nm2595823
tt15741858	\N	\N
tt15741860	nm0670725	nm0882448
tt15741862	nm0013160	nm1506294
tt15741864	nm0013160	nm1506294
tt15741866	nm0013160	nm1506294
tt15741868	nm0013160	nm1506294
tt15741870	nm0013160	nm1506294
tt15741872	nm0013160	nm1506294
tt15741874	nm0013160	nm1506294
tt15741876	\N	\N
tt15741878	nm0013160	nm1506294
tt15741880	nm0013160	nm1506294
tt15741882	nm0013160	nm1506294
tt15741884	nm0013160	nm1506294
tt15741886	\N	\N
tt15741888	nm0013160	nm1506294
tt15741890	nm0013160	nm1506294
tt15741892	nm0013160	nm1506294
tt15741894	nm0013160	nm1506294
tt15741896	nm0013160	nm1506294
tt15741898	nm0013160	nm1506294
tt15741900	nm0013160	nm1506294
tt15741902	nm0013160	nm1506294
tt15741904	nm0013160	nm1506294
tt15741906	nm12859469	nm13054380,nm12859469,nm11344733
tt15741908	nm0013160	nm1506294
tt15741910	nm0013160	nm1506294
tt15741912	nm0013160	nm1506294
tt15741914	nm0013160	nm1506294
tt15741916	nm0013160	nm1506294
tt15741918	nm0013160	nm1506294
tt15741920	nm0013160	nm1506294
tt15741922	nm0013160	nm1506294
tt15741924	nm0013160	nm1506294
tt15741926	nm0013160	nm1506294
tt15741928	nm0013160	nm1506294
tt15741932	nm0013160	nm1506294
tt15741934	nm0013160	nm1506294
tt15741936	nm0013160	nm1506294
tt15741938	nm0013160	nm1506294
tt15741940	nm0013160	nm1506294
tt15741942	nm0013160	nm1506294
tt15741944	nm0013160	nm1506294
tt15741946	nm13054393	nm13054394,nm13054395,nm13054393
tt15741948	nm13045532	nm13054396,nm13045532
tt15741950	nm9785742	nm9785742,nm10905973,nm8316961
tt15741954	nm9785742	nm9785742,nm10905973,nm8316961
tt15741956	nm9785742	nm9785742,nm10905973,nm8316961
tt15741958	nm9785742	nm9785742,nm10905973,nm8316961
tt15741960	nm9785742	nm9785742,nm10905973,nm8316961
tt15741962	nm9785742	nm9785742,nm10905973,nm8316961
tt15741964	nm9785742	nm9785742,nm10905973,nm8316961
tt15741966	nm9785742	nm9785742,nm10905973,nm8316961
tt15741968	nm9785742	nm9785742,nm10905973,nm8316961
tt15741970	\N	\N
tt15741972	nm9785742	nm9785742,nm10905973,nm8316961
tt15741974	nm9785742	nm9785742,nm10905973,nm8316961
tt15741976	nm9785742	nm9785742,nm10905973,nm8316961
tt15741978	nm9785742	nm9785742,nm10905973,nm8316961
tt15741980	nm9785742	nm9785742,nm10905973,nm8316961
tt15741982	nm9785742	nm9785742,nm10905973,nm8316961
tt15741986	nm9785742	nm9785742,nm10905973,nm8316961
tt15741988	nm9785742	nm9785742,nm10905973,nm8316961
tt15741990	nm9785742	nm9785742,nm10905973,nm8316961
tt15741992	nm9785742	nm9785742,nm10905973,nm8316961
tt15741994	\N	\N
tt15741996	nm9785742	nm9785742,nm10905973,nm8316961
tt15741998	nm12816630	nm13094916,nm4050394,nm5573208
tt15742000	nm9785742	nm9785742,nm10905973,nm8316961
tt15742002	nm9785742	nm9785742,nm10905973,nm8316961
tt15742004	nm9785742	nm9785742,nm10905973,nm8316961
tt15742006	nm9785742	nm9785742,nm10905973,nm8316961
tt15742008	nm9785742	nm9785742,nm10905973,nm8316961
tt15742010	nm9785742	nm9785742,nm10905973,nm8316961
tt15742012	nm9465531	nm9465531
tt15742014	nm9785742	nm9785742,nm10905973,nm8316961
tt15742016	nm9785742	nm9785742,nm10905973,nm8316961
tt15742018	nm9785742	nm9785742,nm10905973,nm8316961
tt15742020	nm9785742	nm9785742,nm10905973,nm8316961
tt15742024	nm9785742	nm9785742,nm10905973,nm8316961
tt15742026	nm9785742	nm9785742,nm10905973,nm8316961
tt15742028	nm9785742	nm9785742,nm10905973,nm8316961
tt15742030	nm9785742	nm9785742,nm10905973,nm8316961
tt15742032	nm9785742	nm9785742,nm10905973,nm8316961
tt15742034	nm9785742	nm9785742,nm10905973,nm8316961
tt15742036	nm7490153	\N
tt15742038	nm4695372	nm13037609,nm11975486
tt15742040	nm5841536,nm8888339	nm8888339
tt15742042	\N	\N
tt15742046	nm2750823	\N
tt15742048	nm5841536	nm8888339
tt15742050	nm10028054	\N
tt15742052	\N	nm2956356,nm0345998,nm2293981,nm0670495
tt15742054	\N	nm2956356,nm0345998,nm2293981,nm0670495
tt15742056	\N	nm2956356,nm0345998,nm2293981,nm0670495
tt15742058	\N	nm2956356,nm0345998,nm2293981,nm0670495
tt15742060	\N	nm2956356,nm0345998,nm2293981,nm0670495
tt15742062	nm10366814	nm1661191
tt15742064	\N	nm2956356,nm0345998,nm2293981,nm0670495
tt15742066	\N	nm2956356,nm0345998,nm2293981,nm0670495
tt15742068	\N	nm2956356,nm0345998,nm2293981,nm0670495
tt15742070	\N	nm2956356,nm0345998,nm2293981,nm0670495
tt15742072	\N	nm2956356,nm0345998,nm2293981,nm0670495
tt15742074	\N	nm2956356,nm0345998,nm2293981,nm0670495
tt15742076	\N	nm2956356,nm0345998,nm2293981,nm0670495
tt15742078	\N	nm2956356,nm0345998,nm2293981,nm0670495
tt15742080	nm10436791	nm10436791,nm10436793,nm10438719,nm11694619
tt15742082	\N	\N
tt15742084	\N	nm2956356,nm0345998,nm2293981,nm0670495
tt15742086	\N	nm2956356,nm0345998,nm2293981,nm0670495
tt15742088	\N	nm2956356,nm0345998,nm2293981,nm0670495
tt15742092	\N	nm2956356,nm0345998,nm2293981,nm0670495
tt15742094	\N	nm2956356,nm0345998,nm2293981,nm0670495
tt15742096	\N	nm2956356,nm0345998,nm2293981,nm0670495
tt15742098	\N	nm2956356,nm0345998,nm2293981,nm0670495
tt15742100	\N	nm2956356,nm0345998,nm2293981,nm0670495
tt15742102	\N	nm2956356,nm0345998,nm2293981,nm0670495
tt15742104	nm1836973	nm2393045,nm3315134
tt15742106	\N	nm2956356,nm0345998,nm2293981,nm0670495
tt15742108	nm9520151	nm9520151
tt15742110	nm4138908,nm4892984	nm2810018
tt15742112	\N	nm2956356,nm0345998,nm2293981,nm0670495
tt15742114	nm4892984,nm4138908	nm4570016
tt15742118	nm4138908,nm4892984	nm3591394
tt15742120	nm0351645	\N
tt15742122	nm4138908,nm4892984	nm7679083
tt15742124	nm1836973	nm2393045,nm3315134
tt15742126	nm4892984,nm4138908	nm2276972
tt15742128	nm2419726	nm0722274,nm7669507,nm2899307,nm2528015,nm9354541,nm9455294
tt15742130	nm4138908,nm4892984	nm2810018
tt15742132	nm1836973	\N
tt15742134	\N	nm0715087
tt15742136	nm4138908,nm4892984	nm4570016
tt15742138	\N	nm0715087
tt15742140	\N	nm0715087
tt15742142	\N	nm0715087
tt15742144	nm4892984,nm4138908	nm7679083
tt15742146	\N	\N
tt15742148	nm1836973	\N
tt15742150	nm4138908,nm4892984	nm2810018
tt15742152	\N	nm0715087
tt15742154	\N	\N
tt15742156	\N	nm0715087
tt15742158	nm1776522,nm0024063,nm0576968,nm4445043	nm5043763,nm2056369,nm2043312,nm2773785,nm10713415
tt15742160	\N	nm0715087
tt15742162	\N	\N
tt15742164	\N	nm0715087
tt15742166	nm9539205	nm9539205
tt15742168	nm6720422	nm6720422
tt15742170	\N	\N
tt15742172	\N	nm0715087
tt15742174	nm4138908,nm4892984	nm2276972
tt15742176	\N	nm0715087
tt15742178	nm1836973	\N
tt15742180	\N	nm0715087
tt15742182	\N	nm0715087
tt15742184	\N	nm0715087
tt15742186	\N	nm0715087
tt15742188	\N	nm0715087
tt15742190	\N	nm0715087
tt15742192	\N	nm0715087
tt15742194	\N	nm0715087
tt15742196	\N	nm0715087
tt15742198	\N	nm0715087
tt15742200	\N	\N
tt15742202	\N	nm0715087
tt15742204	\N	nm0715087
tt15742206	\N	nm0715087
tt15742208	\N	nm0715087
tt15742210	\N	\N
tt15742212	nm12279219	nm1480726,nm4462956,nm1150495,nm6507843,nm1064543,nm3552340,nm3782646,nm9232829,nm1950891
tt15742214	nm0576968,nm1776522,nm4445043,nm0024063	nm5043763,nm2056369,nm2043312,nm2773785,nm10713415
tt15742216	\N	nm0715087
tt15742218	\N	nm0715087
tt15742220	\N	nm0715087
tt15742222	\N	nm0715087
tt15742224	\N	nm0715087
tt15742226	\N	nm0715087
tt15742228	nm12279219	nm1480726,nm3204989,nm4462956,nm1740335,nm1150495,nm1064543,nm3552340,nm3782646,nm9232829,nm2870358,nm1950891
tt15742230	nm10379093	nm10379093
tt15742232	nm0446060	nm0166917,nm0413131,nm5599661,nm0842266,nm1802877
tt15742234	\N	nm0715087
tt15742236	\N	nm0715087
tt15742238	\N	nm0715087
tt15742240	\N	nm0715087
tt15742242	\N	nm0715087
tt15742244	nm1388009	nm1480726,nm3204989,nm4462956,nm1150495,nm1064543,nm3552340,nm3782646,nm9232829,nm2870358,nm1950891
tt15742246	\N	nm0715087
tt15742248	\N	nm0715087
tt15742250	nm0670725	nm0670725
tt15742252	\N	nm0715087
tt15742254	\N	nm0715087
tt15742256	nm1388009	nm1480726,nm3204989,nm4462956,nm1150495,nm1064543,nm3552340,nm3782646,nm2870358,nm1950891
tt15742258	\N	nm0715087
tt15742260	\N	nm0715087
tt15742262	\N	nm0715087
tt15742264	\N	nm0715087
tt15742266	\N	nm0715087
tt15742268	\N	nm0715087
tt15742270	\N	nm0715087
tt15742272	\N	nm0715087
tt15742274	\N	nm0715087
tt15742276	\N	nm0715087
tt15742278	nm0771459	nm0277728,nm13054512
tt15742280	\N	nm0715087
tt15742282	nm0457828	nm0295405,nm6404586,nm5791691,nm3162595,nm11931943,nm11024367,nm9266560
tt15742284	nm7609903	nm11351019
tt15742286	nm2413225	nm3852561,nm1032310
tt15742288	nm13054514	\N
tt15742290	nm10828789	nm2345184,nm1791933,nm8828501
tt15742292	nm10631069	nm11192095
tt15742294	nm0379773	nm0379774
tt15742296	\N	\N
tt15742298	nm10148023	\N
tt15742304	nm0474848	nm4470706
tt15742306	nm10436796	nm10436791,nm10436793,nm10438719,nm11694657,nm11694619,nm10689964,nm10436796
tt15742308	nm2807332	nm0996632,nm2807332
tt15742312	nm9045729	nm8703884
tt15742316	nm0474848	nm4470706
tt15742318	nm0474848	nm4470706
tt15742320	nm0474848	nm4470706
tt15742322	nm0474848	nm4470706
tt15742324	\N	\N
tt15742326	nm0474848	nm4470706
tt15742328	nm0474848	nm4470706
tt15742330	nm0474848	nm4470706
tt15742332	nm13054537	\N
tt15742334	nm3386194	\N
tt15742336	nm0474848	nm4470706
tt15742338	nm0474848	nm4470706
tt15742340	nm0474848	nm4470706
tt15742342	nm0474848	nm4470706
tt15742344	nm0474848	nm4470706
tt15742346	nm0474848	nm4470706
tt15742348	nm0474848	nm4470706
tt15742350	nm0474848	nm4470706
tt15742352	nm0474848	nm4470706
tt15742354	nm0474848	nm4470706
tt15742356	nm0474848	nm4470706
tt15742360	nm7609903	nm11351019
tt15742362	nm7609903	nm11351019
tt15742364	\N	nm6114486
tt15742366	nm7609903	nm11351019
tt15742368	\N	nm8888339
tt15742370	nm13054537	\N
tt15742372	nm7609903	nm11351019
tt15742374	nm7609903	nm11351019
tt15742376	nm7609903	nm11351019
tt15742378	nm7609903	nm11351019
tt15742382	nm7609903	nm11351019
tt15742384	nm7609903	nm11351019
tt15742386	nm13054537	\N
tt15742388	nm7609903	nm11351019
tt15742390	nm7609903	nm11351019
tt15742392	nm7609903	nm11351019
tt15742394	nm7609903	nm11351019
tt15742396	nm7609903	nm11351019
tt15742398	nm7609903	nm11351019
tt15742400	nm7609903	nm11351019
tt15742402	nm7609903	nm11351019
tt15742404	nm7609903	nm11351019
tt15742408	nm2413225	nm3852561,nm1032310
tt15742410	nm2413225	nm3852561,nm1032310
tt15742412	nm2413225	nm3852561,nm1032310
tt15742414	nm2413225	nm3852561,nm1032310
tt15742416	nm2413225	nm3852561,nm1032310
tt15742418	\N	\N
tt15742420	nm2413225	nm3852561,nm1032310
tt15742422	nm2413225	nm3852561,nm1032310
tt15742424	nm2413225	nm3852561,nm1032310
tt15742426	nm2413225	nm3852561,nm1032310
tt15742430	nm10828789	nm2345184,nm1791933,nm8828501
tt15742432	nm10828789	nm2345184,nm1791933,nm8828501
tt15742434	nm10828789	nm2345184,nm1791933,nm8828501
tt15742436	nm10828789	nm2345184,nm1791933,nm8828501
tt15742438	nm10828789	nm2345184,nm1791933,nm8828501
tt15742440	nm10828789	nm2345184,nm1791933,nm8828501
tt15742442	\N	\N
tt15742444	nm10828789	nm2345184,nm1791933,nm8828501
tt15742446	nm10828789	nm2345184,nm1791933,nm8828501
tt15742448	nm10828789	nm2345184,nm1791933,nm8828501
tt15742450	nm10828789	nm2345184,nm1791933,nm8828501
tt15742452	nm10828789	nm2345184,nm1791933,nm8828501
tt15742454	\N	\N
tt15742456	nm10828789	nm2345184,nm1791933,nm8828501
tt15742458	nm0047193	nm1524770
tt15742460	nm10828789	nm2345184,nm1791933,nm8828501
tt15742462	nm10828789	nm2345184,nm1791933,nm8828501
tt15742464	nm10828789	nm2345184,nm1791933,nm8828501
tt15742466	nm10828789	nm2345184,nm1791933,nm8828501
tt15742468	nm10828789	nm2345184,nm1791933,nm8828501
tt15742470	nm10828789	nm2345184,nm1791933,nm8828501
tt15742472	nm10828789	nm2345184,nm1791933,nm8828501
tt15742476	\N	\N
tt15742478	nm10631069	nm11192095
tt15742480	nm10631069	nm11192095
tt15742482	nm10631069	nm11192095
tt15742484	nm10631069	nm11192095
tt15742486	nm10631069	nm11192095
tt15742488	nm10631069	nm11192095
tt15742490	\N	\N
tt15742492	\N	\N
tt15742494	nm10631069	nm11192095
tt15742496	\N	\N
tt15742498	nm10631069	nm11192095
tt15742500	nm3631660	nm2821546,nm1869160
tt15742502	\N	\N
tt15742504	nm10631069	nm11192095
tt15742506	\N	\N
tt15742508	nm10631069	nm11192095
tt15742510	nm10631069	nm11192095
tt15742512	\N	\N
tt15742514	nm10631069	nm11192095
tt15742516	nm10631069	nm11192095
tt15742518	nm10631069	nm11192095
tt15742520	nm10631069	nm11192095
tt15742522	nm4093183	nm10383285,nm9949169,nm7223341
tt15742524	nm10631069	nm11192095
tt15742526	nm10631069	nm11192095
tt15742528	nm10631069	nm11192095
tt15742530	\N	\N
tt15742532	\N	\N
tt15742536	\N	nm0219507
tt15742538	nm2091448	nm2091448
tt15742540	\N	\N
tt15742542	\N	nm0219507
tt15742544	\N	nm0219507
tt15742546	\N	nm0219507
tt15742548	\N	nm0219507
tt15742550	\N	nm0219507
tt15742552	\N	nm0219507
tt15742556	\N	\N
tt15742558	\N	\N
tt15742560	\N	\N
tt15742562	\N	\N
tt15742564	\N	\N
tt15742566	\N	\N
tt15742568	\N	\N
tt15742570	\N	\N
tt15742572	\N	\N
tt15742574	\N	\N
tt15742576	\N	nm13054569
tt15742578	nm10115142	nm10115142
tt15742580	\N	\N
tt15742582	\N	\N
tt15742584	\N	\N
tt15742586	\N	\N
tt15742588	\N	nm0177672
tt15742590	\N	\N
tt15742592	\N	\N
tt15742594	nm12954639	nm10357998
tt15742596	\N	\N
tt15742598	\N	nm0177672
tt15742600	\N	\N
tt15742602	\N	nm0177672
tt15742604	\N	nm0177672
tt15742606	nm0856018	nm3936750,nm1905291
tt15742608	\N	nm0177672
tt15742610	\N	nm0177672
tt15742612	nm0856018	nm3936750,nm1905291
tt15742614	nm0856018	nm3936750,nm1905291
tt15742616	\N	nm0177672
tt15742618	nm0856018	nm3936750,nm1905291
tt15742620	\N	nm0177672
tt15742622	\N	nm0177672
tt15742624	\N	\N
tt15742626	nm3421291	\N
tt15742628	\N	nm0177672
tt15742630	\N	nm0177672
tt15742632	\N	nm0177672
tt15742636	\N	nm0177672
tt15742638	\N	nm0177672
tt15742640	\N	nm0177672
tt15742642	nm3274526	nm13054580,nm6352729,nm6668295,nm13054581
tt15742644	\N	nm0177672
tt15742646	\N	nm0177672
tt15742648	\N	nm0177672
tt15742650	\N	nm0177672
tt15742652	\N	nm0177672
tt15742654	\N	nm0177672
tt15742656	nm10244291	nm10244291
tt15742658	\N	nm0177672
tt15742660	\N	nm0177672
tt15742662	nm8888339	nm8888339
tt15742664	\N	nm0177672
tt15742666	\N	nm0177672
tt15742668	\N	nm0177672
tt15742670	\N	\N
tt15742672	\N	nm0177672
tt15742674	\N	nm0177672
tt15742676	nm3062168	nm3062168
tt15742678	\N	nm0177672
tt15742680	\N	nm0177672
tt15742682	\N	nm0177672
tt15742684	\N	nm0177672
tt15742686	\N	nm0177672
tt15742688	\N	nm0177672
tt15742690	\N	nm0177672
tt15742692	\N	nm0177672
tt15742694	\N	nm0177672
tt15742696	\N	nm0177672
tt15742698	\N	nm0177672
tt15742700	\N	nm0177672
tt15742702	nm13054588	nm13054588
tt15742704	\N	nm0177672
tt15742706	\N	nm0177672
tt15742708	\N	nm0177672
tt15742710	\N	nm0177672
tt15742712	\N	nm0177672
tt15742714	\N	nm0177672
tt15742716	\N	nm0177672
tt15742718	\N	nm0177672
tt15742720	nm7358573	nm7358573
tt15742722	\N	nm0177672
tt15742724	\N	nm0177672
tt15742726	\N	nm0177672
tt15742728	\N	nm0177672
tt15742730	\N	nm0177672
tt15742732	\N	nm0177672
tt15742734	\N	nm0177672
tt15742736	\N	nm0177672
tt15742738	\N	nm0177672
tt15742740	\N	nm0177672
tt15742742	\N	nm0177672
tt15742748	\N	nm0177672
tt15742750	\N	nm0177672
tt15742752	\N	nm0177672
tt15742754	\N	nm0177672
tt15742756	\N	nm0177672
tt15742758	\N	nm0177672
tt15742760	\N	nm0177672
tt15742762	\N	nm0177672
tt15742764	\N	nm0177672
tt15742766	\N	nm0177672
tt15742768	\N	nm0177672
tt15742770	\N	nm0177672
tt15742772	\N	nm0177672
tt15742774	\N	nm0177672
tt15742776	\N	nm0177672
tt15742778	\N	nm0177672
tt15742782	\N	nm0177672
tt15742784	\N	nm0177672
tt15742786	\N	nm0177672
tt15742788	nm4729658	nm0280814,nm2810295,nm5946906,nm7434525,nm1802209,nm0505662
tt15742790	\N	\N
tt15742792	nm4473991	nm13054599
tt15742794	nm13581839,nm9987936	nm3996936,nm5417792,nm1394917
tt15742798	nm12954639	nm10357998
tt15742800	nm12954639	nm10357998
tt15742802	nm12954639	nm10357998
tt15742804	nm4893402	nm10474034
tt15742806	nm12954639	nm10357998
tt15742808	nm12954639	nm10357998
tt15742810	\N	nm5150067
tt15742812	nm12954639	nm10357998
tt15742814	nm5415241	nm5415241
tt15742816	\N	nm0177672
tt15742818	\N	nm0177672
tt15742820	\N	nm0177672
tt15742822	nm12274690	\N
tt15742824	\N	nm0177672
tt15742826	\N	nm0177672
tt15742828	\N	nm0177672
tt15742830	\N	nm0177672
tt15742832	\N	nm0177672
tt15742834	\N	nm0177672
tt15742836	\N	nm0177672
tt15742838	\N	nm0177672
tt15742840	\N	nm0177672
tt15742842	\N	nm0177672
tt15742844	\N	nm0177672
tt15742846	\N	nm0177672
tt15742848	nm10148023	\N
tt15742850	\N	\N
tt15742852	\N	nm0177672
tt15742854	\N	nm0177672
tt15742856	nm7429096	nm0280814,nm2810295,nm5946906,nm7434525,nm1802209,nm0505662
tt15742858	\N	nm0177672
tt15742860	\N	nm0177672
tt15742862	nm13054615	nm13054615
tt15742864	nm0784808	nm0755576
tt15742866	\N	nm0177672
tt15742868	nm1439508	nm0280814,nm2810295,nm5946906,nm7434525,nm6800854,nm1802209,nm0505662
tt15742870	\N	nm0177672
tt15742872	\N	nm0177672
tt15742874	nm7989797	nm13054618,nm13054619
tt15742876	nm6764867,nm6770155	nm6764867,nm6770155
tt15742878	\N	nm0177672
tt15742880	\N	nm0177672
tt15742882	\N	nm0177672
tt15742884	\N	nm0177672
tt15742886	\N	nm0177672
tt15742888	\N	nm0177672
tt15742890	\N	nm0177672
tt15742892	\N	nm5150067
tt15742894	\N	nm0177672
tt15742896	\N	nm0177672
tt15742898	\N	nm0177672
tt15742900	\N	nm0177672
tt15742902	\N	nm0177672
tt15742904	nm3866538	nm3866538,nm12998586
tt15742906	\N	nm0177672
tt15742908	\N	nm0177672
tt15742910	\N	nm0177672
tt15742912	\N	nm0177672
tt15742914	nm2511518	nm1297945,nm2511518,nm9468104
tt15742916	nm12954639	nm10357998
tt15742918	nm12954639	nm10357998
tt15742920	nm12954639	nm10357998
tt15742922	nm12954639	nm10357998
tt15742924	nm6764867,nm6770155	nm6764867,nm6770155
tt15742926	nm12954639	nm10357998
tt15742928	nm12954639	nm10357998
tt15742930	nm12954639	nm10357998
tt15742932	nm12954639	nm10357998
tt15742934	nm12954639	nm10357998
tt15742936	nm12954639	nm10357998
tt15742938	nm7429096,nm1842744	nm6008860,nm0280814,nm2810295,nm5946906,nm7434525,nm1802209,nm0505662,nm3269545
tt15742940	nm12954639	nm10357998
tt15742942	nm12954639	nm10357998
tt15742944	nm12954639	nm10357998
tt15742946	nm12954639	nm10357998
tt15742948	nm0759332	nm0759332
tt15742950	\N	\N
tt15742952	nm12300320	\N
tt15742954	nm12954639	nm10357998
tt15742956	nm0759332	nm0759332
tt15742958	\N	\N
tt15742960	nm4729658	nm0280814,nm2810295,nm5946906,nm7434525,nm1802209,nm0505662,nm0703666
tt15742962	nm12954639	nm10357998
tt15742966	nm6764867,nm6770155	nm6764867,nm6770155
tt15742968	nm12934365	\N
tt15742970	nm12954639	nm10357998
tt15742972	nm12954639	nm10357998
tt15742974	nm12954639	nm10357998
tt15742976	nm12954639	nm10357998
tt15742978	nm12954639	nm10357998
tt15742980	nm1842744,nm1439508	nm0280814,nm2810295,nm5946906,nm1802209,nm0505662,nm2503479
tt15742982	nm12954639	nm10357998
tt15742986	nm12954639	nm10357998
tt15742988	nm12954639	nm10357998
tt15742990	nm12954639	nm10357998
tt15742994	nm12954639	nm10357998
tt15742996	nm12954639	nm10357998
tt15742998	nm12954639	nm10357998
tt15743000	\N	\N
tt15743002	nm12954639	nm10357998
tt15743004	nm12954639	nm10357998
tt15743006	nm12954639	nm10357998
tt15743008	nm12954639	nm10357998
tt15743010	nm12954639	nm10357998
tt15743016	nm12954640	nm10357998
tt15743018	nm12954640	nm10357998
tt15743020	nm12954640	nm10357998
tt15743024	nm12954640	nm10357998
tt15743036	nm12954640	nm10357998
tt15743038	nm12954640	nm10357998
tt15743040	nm12954640	nm10357998
tt15743042	nm12954640	nm10357998
tt15743044	nm12954640	nm10357998
tt15743046	nm12954640	nm10357998
tt15743048	nm12954640	nm10357998
tt15743050	\N	\N
tt15743052	nm12954640	nm10357998
tt15743054	nm12954640	nm10357998
tt15743056	nm12954640	nm10357998
tt15743058	nm12954640	nm10357998
tt15743060	nm12954640	nm10357998
tt15743062	nm12954640	nm10357998
tt15743064	nm12954640	nm10357998
tt15743066	nm12954640	nm10357998
tt15743068	nm5186251	nm10591316
tt15743070	nm12954640	nm10357998
tt15743072	nm6212296	\N
tt15743074	nm12954640	nm10357998,nm5595067,nm13393540,nm13393541,nm13393542,nm10690231,nm13393543,nm13393544
tt15743076	nm12954640	nm10357998,nm5595067,nm13393540,nm13393541,nm13393542,nm10690231,nm13393543,nm13393544
tt15743078	nm12954640	nm10357998,nm5595067,nm13393540,nm13393541,nm13393542,nm10690231,nm13393543,nm13393544
tt15743080	nm12954640	nm10357998,nm5595067,nm13393540,nm13393541,nm13393542,nm10690231,nm13393543,nm13393544
tt15743082	nm12954640	nm10357998,nm5595067,nm13393540,nm13393541,nm13393542,nm10690231,nm13393543,nm13393544
tt15743084	nm9111429	\N
tt15743086	nm12954640	nm10357998,nm5595067,nm13393540,nm13393541,nm13393542,nm10690231,nm13393543,nm13393544
tt15743088	nm12954640	nm10357998,nm5595067,nm13393540,nm13393541,nm13393542,nm10690231,nm13393543,nm13393544
tt15743090	nm12954640	nm10357998,nm5595067,nm13393540,nm13393541,nm13393542,nm10690231,nm13393543,nm13393544
tt15743092	\N	\N
tt15743094	nm12954640	nm10357998,nm5595067,nm13393540,nm13393541,nm13393542,nm10690231,nm13393543,nm13393544
tt15743096	nm12954640	nm10357998,nm5595067,nm13393540,nm13393541,nm13393542,nm10690231,nm13393543,nm13393544
tt15743098	nm12954640	nm10357998,nm5595067,nm13393540,nm13393541,nm13393542,nm10690231,nm13393543,nm13393544
tt15743102	nm12954640	nm10357998,nm5595067,nm13393540,nm13393541,nm13393542,nm10690231,nm13393543,nm13393544
tt15743104	nm12954640	nm10357998,nm5595067,nm13393540,nm13393541,nm13393542,nm10690231,nm13393543,nm13393544
tt15743106	nm12954640	nm10357998,nm5595067,nm13393540,nm13393541,nm13393542,nm10690231,nm13393543,nm13393544
tt15743108	nm12954640	nm10357998,nm5595067,nm13393540,nm13393541,nm13393542,nm10690231,nm13393543,nm13393544
tt15743110	nm12954640	nm10357998,nm5595067,nm13393540,nm13393541,nm13393542,nm10690231,nm13393543,nm13393544
tt15743112	nm7866815	nm7866815
tt15743114	nm12954640	nm10357998,nm5595067,nm13393540,nm13393541,nm13393542,nm10690231,nm13393543,nm13393544
tt15743116	nm12954640	nm10357998,nm5595067,nm13393540,nm13393541,nm13393542,nm10690231,nm13393543,nm13393544
tt15743118	nm12954640	nm10357998,nm5595067,nm13393540,nm13393541,nm13393542,nm10690231,nm13393543,nm13393544
tt15743120	nm13054643	nm13054644,nm13054643
tt15743122	nm12954640	nm10357998,nm5595067,nm13393540,nm13393541,nm13393542,nm10690231,nm13393543,nm13393544
tt15743124	nm1513241,nm1518150	nm1518150,nm1513241
tt15743126	nm4909251	\N
tt15743128	\N	\N
tt15743130	nm4104763,nm9207446	\N
tt15743132	nm13054260	nm13054261
tt15743134	nm4909251	\N
tt15743136	nm7734914	nm7734914
tt15743138	nm4588899	nm4588899
tt15743140	nm4452405	nm4452405
tt15743142	nm12954641	nm10357998,nm5595067,nm13393540,nm13393541,nm13393542,nm10690231,nm13393543,nm13393544
tt15743144	nm12954641	nm10357998,nm5595067,nm13393540,nm13393541,nm13393542,nm10690231,nm13393543,nm13393544
tt15743146	nm12954641	nm10357998,nm5595067,nm13393540,nm13393541,nm13393542,nm10690231,nm13393543,nm13393544
tt15743148	nm7235847	nm7235847
tt15743152	nm12954641	nm10357998,nm5595067,nm13393540,nm13393541,nm13393542,nm10690231,nm13393543,nm13393544
tt15743154	nm4909251	\N
tt15743156	nm12954641	nm10357998,nm5595067,nm13393540,nm13393541,nm13393542,nm10690231,nm13393543,nm13393544
tt15743158	nm12954641	nm10357998,nm5595067,nm13393540,nm13393541,nm13393542,nm10690231,nm13393543,nm13393544
tt15743160	nm12954641	nm10357998,nm5595067,nm13393540,nm13393541,nm13393542,nm10690231,nm13393543,nm13393544
tt15743162	nm12954641	nm10357998,nm5595067,nm13393540,nm13393541,nm13393542,nm10690231,nm13393543,nm13393544
tt15743164	nm12954641	nm10357998,nm5595067,nm13393540,nm13393541,nm13393542,nm10690231,nm13393543,nm13393544
tt15743166	nm12954641	nm10357998,nm5595067,nm13393540,nm13393541,nm13393542,nm10690231,nm13393543,nm13393544
tt15743168	nm12954641	nm10357998,nm5595067,nm13393540,nm13393541,nm13393542,nm10690231,nm13393543,nm13393544
tt15743170	nm12954641	nm10357998,nm5595067,nm13393540,nm13393541,nm13393542,nm10690231,nm13393543,nm13393544
tt15743172	nm12954641	nm10357998,nm5595067,nm13393540,nm13393541,nm13393542,nm10690231,nm13393543,nm13393544
tt15743174	\N	\N
tt15743176	nm0679840	\N
tt15743178	\N	\N
tt15743190	nm11791736	nm11791736
tt15743192	nm2936539	nm4662098,nm8954827,nm4034103,nm6698127,nm6074323
tt15743194	nm0679840	\N
tt15743196	nm7763489	nm7763489
tt15743198	\N	nm0651038,nm0904804
tt15743200	nm13054023	\N
tt15743202	\N	nm0651038,nm0904804
tt15743204	\N	\N
tt15743206	nm12954641	nm10357998,nm5595067,nm13393540,nm13393541,nm13393542,nm10690231,nm13393543,nm13393544
tt15743210	nm12954641	nm10357998,nm5595067,nm13393540,nm13393541,nm13393542,nm10690231,nm13393543,nm13393544
tt15743212	nm12954641	nm10357998,nm5595067,nm13393540,nm13393541,nm13393542,nm10690231,nm13393543,nm13393544
tt15743214	nm12954641	nm10357998,nm5595067,nm13393540,nm13393541,nm13393542,nm10690231,nm13393543,nm13393544
tt15743216	nm4909251	\N
tt15743218	nm12954641	nm10357998,nm5595067,nm13393540,nm13393541,nm13393542,nm10690231,nm13393543,nm13393544
tt15743220	nm9052011	nm9052011,nm0791217
tt15743222	nm12954641	nm10357998,nm5595067,nm13393540,nm13393541,nm13393542,nm10690231,nm13393543,nm13393544
tt15743224	\N	nm0651038,nm0904804
tt15743226	nm5964548	nm5964548
tt15743228	nm12954641	nm10357998,nm5595067,nm13393540,nm13393541,nm13393542,nm10690231,nm13393543,nm13393544
tt15743232	nm1906859	nm1906859
tt15743234	nm7436825,nm2557692	nm1924449,nm2557692
tt15743236	nm12954639	nm10357998,nm5595067,nm13393543,nm13393544,nm13393541,nm13393542,nm13394019
tt15743238	nm12954639	nm10357998,nm5595067,nm13393543,nm13393544,nm13393541,nm13393542,nm13394019
tt15743240	nm12954639	nm10357998,nm5595067,nm13393543,nm13393544,nm13393541,nm13393542,nm13394019
tt15743242	nm12954639	nm10357998,nm5595067,nm13393543,nm13393544,nm13393541,nm13393542,nm13394019
tt15743244	nm12954639	nm10357998,nm5595067,nm13393543,nm13393544,nm13393541,nm13393542,nm13394019
tt15743246	nm12954639	nm10357998,nm5595067,nm13393543,nm13393544,nm13393541,nm13393542,nm13394019
tt15743248	nm12954639	nm10357998,nm5595067,nm13393543,nm13393544,nm13393541,nm13393542,nm13394019
tt15743250	nm12954639	nm10357998,nm5595067,nm13393543,nm13393544,nm13393541,nm13393542,nm13394019
tt15743252	nm12954639	nm10357998,nm5595067,nm13393543,nm13393544,nm13393541,nm13393542,nm13394019
tt15743254	nm12954639	nm10357998,nm5595067,nm13393543,nm13393544,nm13393541,nm13393542,nm13394019
tt15743256	nm12954639	nm10357998,nm5595067,nm13393543,nm13393541,nm13393544,nm13393542,nm13394019
tt15743258	nm12954639	nm10357998,nm5595067,nm13393543,nm13393541,nm13393544,nm13393542,nm13394019
tt15743260	nm12954639	nm10357998,nm5595067,nm13393543,nm13393541,nm13393544,nm13393542,nm13394019
tt15743262	nm12954639	nm10357998,nm5595067,nm13393543,nm13393541,nm13393544,nm13393542,nm13394019
tt15743264	nm12954639	nm10357998,nm5595067,nm13393543,nm13393541,nm13393544,nm13393542,nm13394019
tt15743266	nm12954639	nm10357998,nm5595067,nm13393543,nm13393541,nm13393544,nm13393542,nm13394019
tt15743268	nm12954639	nm10357998,nm5595067,nm13393543,nm13393541,nm13393544,nm13393542,nm13394019
tt15743270	nm12954639	nm10357998,nm5595067,nm13393543,nm13393541,nm13393544,nm13393542,nm13394019
tt15743272	nm12954639	nm10357998,nm5595067,nm13393543,nm13393541,nm13393544,nm13393542,nm13394019
tt15743274	nm12954639	nm10357998,nm5595067,nm13393543,nm13393541,nm13393544,nm13393542,nm13394019
tt15743276	nm12954642	nm10357998,nm5595067,nm13393540,nm13393543,nm13393541,nm13393544,nm13393542,nm13394019
tt15743278	nm12954642	nm10357998,nm5595067,nm13393540,nm13393543,nm13393541,nm13393544,nm13393542,nm13394019
tt15743280	nm12954642	nm10357998,nm5595067,nm13393540,nm13393543,nm13393541,nm13393544,nm13393542,nm13394019
tt15743284	nm7944904	nm7944904
tt15743286	nm12954642	nm10357998,nm5595067,nm13393540,nm13393543,nm13393541,nm13393544,nm13393542,nm13394019
tt15743288	nm12954642	nm10357998,nm5595067,nm13393540,nm13393543,nm13393541,nm13393544,nm13393542,nm13394019
tt15743290	nm12954642	nm10357998,nm5595067,nm13393540,nm13393543,nm13393541,nm13393544,nm13393542,nm13394019
tt15743292	nm12954642	nm10357998,nm5595067,nm13393540,nm13393543,nm13393541,nm13393544,nm13393542,nm13394019
tt15743294	\N	\N
tt15743296	nm12954642	nm10357998,nm5595067,nm13393540,nm13393543,nm13393541,nm13393544,nm13393542,nm13394019
tt15743298	nm12954642	nm10357998,nm5595067,nm13393540,nm13393543,nm13393541,nm13393544,nm13393542,nm13394019
tt15743300	nm5126893	nm5126893
tt15743302	nm12954642	nm10357998,nm5595067,nm13393540,nm13393543,nm13393541,nm13393544,nm13393542,nm13394019
tt15743304	\N	\N
tt15743306	nm12954642	nm10357998,nm5595067,nm13393540,nm13393543,nm13393541,nm13393544,nm13393542,nm13394019
tt15743308	nm12954642	nm10357998,nm5595067,nm13393540,nm13393543,nm13393541,nm13393544,nm13393542,nm13394019
tt15743310	nm12954642	nm10357998,nm5595067,nm13393540,nm13393543,nm13393541,nm13393544,nm13393542,nm13394019
tt15743312	nm12954642	nm10357998,nm5595067,nm13393540,nm13393543,nm13393541,nm13393544,nm13393542,nm13394019
tt15743314	nm12954642	nm10357998,nm5595067,nm13393540,nm13393543,nm13393541,nm13393544,nm13393542,nm13394019
tt15743316	\N	\N
tt15743318	nm12954642	nm10357998,nm5595067,nm13393540,nm13393543,nm13393541,nm13393544,nm13393542,nm13394019
tt15743320	nm11068085	nm11068085
tt15743322	nm12954642	nm10357998,nm5595067,nm13393540,nm13393543,nm13393541,nm13393544,nm13393542,nm13394019
tt15743324	nm12954642	nm10357998,nm5595067,nm13393540,nm13393543,nm13393541,nm13393544,nm13393542,nm13394019
tt15743326	nm12954642	nm10357998,nm5595067,nm13393540,nm13393543,nm13393541,nm13393544,nm13393542,nm13394019
tt15743328	nm12954642	nm10357998,nm5595067,nm13393540,nm13393543,nm13393541,nm13393544,nm13393542,nm13394019
tt15743330	\N	\N
tt15743332	\N	\N
tt15743334	\N	nm1832674,nm2039838,nm0554241,nm0577579
tt15743336	\N	\N
tt15743338	nm13054766	nm13054766
tt15743340	\N	nm1832674,nm2039838,nm0554241,nm0577579
tt15743342	\N	nm1832674,nm2039838,nm0554241,nm0577579
tt15743344	\N	nm1832674,nm2039838,nm0554241,nm0577579
tt15743346	\N	nm1832674,nm2039838,nm0554241,nm0577579
tt15743348	nm13054260	nm13054261
tt15743350	\N	\N
tt15743352	\N	nm1832674,nm2039838,nm0554241,nm0577579
tt15743354	\N	nm1832674,nm2039838,nm0554241,nm0577579
tt15743356	\N	nm1832674,nm2039838,nm0554241,nm0577579
tt15743358	\N	nm1832674,nm2039838,nm0554241,nm0577579
tt15743360	nm2715468	\N
tt15743362	\N	nm1832674,nm2039838,nm0554241,nm0577579
tt15743364	\N	nm1832674,nm2039838,nm0554241,nm0577579
tt15743368	\N	nm1832674,nm2039838,nm0554241,nm0577579
tt15743370	\N	nm1832674,nm2039838,nm0554241,nm0577579
tt15743372	\N	\N
tt15743374	\N	nm1832674,nm2039838,nm0554241,nm0577579
tt15743376	\N	nm1832674,nm2039838,nm0554241,nm0577579
tt15743378	\N	\N
tt15743380	\N	nm1832674,nm2039838,nm0554241,nm0577579
tt15743382	\N	nm1832674,nm2039838,nm0554241,nm0577579
tt15743384	\N	nm1832674,nm2039838,nm0554241,nm0577579
tt15743386	nm2483722	nm2483722
tt15743388	\N	nm1832674,nm2039838,nm0554241,nm0577579
tt15743390	\N	nm1832674,nm2039838,nm0554241,nm0577579
tt15743392	\N	nm1832674,nm2039838,nm0554241,nm0577579
tt15743394	\N	nm1832674,nm2039838,nm0554241,nm0577579
tt15743396	\N	\N
tt15743398	\N	\N
tt15743400	\N	nm1832674,nm2039838,nm0554241,nm0577579
tt15743402	\N	nm1832674,nm2039838,nm0554241,nm0577579
tt15743404	\N	nm1832674,nm2039838,nm0554241,nm0577579
tt15743406	\N	nm1832674,nm2039838,nm0554241,nm0577579
tt15743408	\N	nm1832674,nm2039838,nm0554241,nm0577579
tt15743410	\N	nm1832674,nm2039838,nm0554241,nm0577579
tt15743412	\N	nm1832674,nm2039838,nm0554241,nm0577579
tt15743414	\N	\N
tt15743416	\N	nm1832674,nm2039838,nm0554241,nm0577579
tt15743418	\N	nm1832674,nm2039838,nm0554241,nm0577579
tt15743420	\N	nm1832674,nm2039838,nm0554241,nm0577579
tt15743422	\N	nm1832674,nm2039838,nm0554241,nm0577579
tt15743424	\N	nm1832674,nm2039838,nm0554241,nm0577579
tt15743426	\N	\N
tt15743428	\N	nm1832674,nm2039838,nm0554241,nm0577579
tt15743430	\N	nm1832674,nm2039838,nm0554241,nm0577579
tt15743432	\N	nm1832674,nm2039838,nm0554241,nm0577579
tt15743434	\N	\N
tt15743436	\N	nm1832674,nm2039838,nm0554241,nm0577579
tt15743438	\N	nm1832674,nm2039838,nm0554241,nm0577579
tt15743446	\N	\N
tt15743452	\N	nm1832674,nm2039838,nm0554241,nm0577579
tt15743456	\N	nm1832674,nm2039838,nm0554241,nm0577579
tt15743458	\N	nm1832674,nm2039838,nm0554241,nm0577579
tt15743460	\N	nm1832674,nm2039838,nm0554241,nm0577579
tt15743462	\N	nm1832674,nm2039838,nm0554241,nm0577579
tt15743464	\N	nm1832674,nm2039838,nm0554241,nm0577579
tt15743468	\N	nm1832674,nm2039838,nm0554241,nm0577579
tt15743470	\N	nm1832674,nm2039838,nm0554241,nm0577579
tt15743472	\N	nm1832674,nm2039838,nm0554241,nm0577579
tt15743474	\N	nm1832674,nm2039838,nm0554241,nm0577579
tt15743476	\N	nm1832674,nm2039838,nm0554241,nm0577579
tt15743478	\N	nm1832674,nm2039838,nm0554241,nm0577579
tt15743480	\N	nm1832674,nm2039838,nm0554241,nm0577579
tt15743482	\N	nm1832674,nm2039838,nm0554241,nm0577579
tt15743484	\N	nm1832674,nm2039838,nm0554241,nm0577579
tt15743486	\N	nm1832674,nm2039838,nm0554241,nm0577579
tt15743488	\N	nm1832674,nm2039838,nm0554241,nm0577579
tt15743490	\N	\N
tt15743492	\N	nm1832674,nm2039838,nm0554241,nm0577579
tt15743494	\N	nm1832674,nm2039838,nm0554241,nm0577579
tt15743496	\N	nm1832674,nm2039838,nm0554241,nm0577579
tt15743498	\N	nm1832674,nm2039838,nm0554241,nm0577579
tt15743500	\N	\N
tt15743502	nm1088172	nm1088172
tt15743504	\N	nm1832674,nm2039838,nm0554241,nm0577579
tt15743506	\N	nm1832674,nm2039838,nm0554241,nm0577579
tt15743508	\N	\N
tt15743510	\N	nm1832674,nm2039838,nm0554241,nm0577579
tt15743512	nm0217546	nm6434011
tt15743514	\N	nm1832674,nm2039838,nm0554241,nm0577579
tt15743516	\N	nm1832674,nm2039838,nm0554241,nm0577579
tt15743518	\N	nm1832674,nm2039838,nm0554241,nm0577579
tt15743520	\N	nm1832674,nm2039838,nm0554241,nm0577579
tt15743522	\N	nm1832674,nm2039838,nm0554241,nm0577579
tt15743524	\N	nm1832674,nm2039838,nm0554241,nm0577579
tt15743526	\N	nm1832674,nm2039838,nm0554241,nm0577579
tt15743530	\N	nm1832674,nm2039838,nm0554241,nm0577579
tt15743532	\N	nm1832674,nm2039838,nm0554241,nm0577579
tt15743534	\N	nm1832674,nm2039838,nm0554241,nm0577579
tt15743536	\N	\N
tt15743538	\N	nm1832674,nm2039838,nm0554241,nm0577579
tt15743540	\N	nm1832674,nm2039838,nm0554241,nm0577579
tt15743542	\N	nm1832674,nm2039838,nm0554241,nm0577579
tt15743544	\N	nm1832674,nm2039838,nm0554241,nm0577579
tt15743546	\N	nm1832674,nm2039838,nm0554241,nm0577579
tt15743548	\N	nm1832674,nm2039838,nm0554241,nm0577579
tt15743550	nm5126893	nm5126893
tt15743552	\N	nm1832674,nm2039838,nm0554241,nm0577579
tt15743554	\N	\N
tt15743556	\N	nm1832674,nm2039838,nm0554241,nm0577579
tt15743558	\N	nm1832674,nm2039838,nm0554241,nm0577579
tt15743560	nm12795370	nm12661815,nm13054797
tt15743562	\N	nm1832674,nm2039838,nm0554241,nm0577579
tt15743564	\N	nm1832674,nm2039838,nm0554241,nm0577579
tt15743566	\N	nm1832674,nm2039838,nm0554241,nm0577579
tt15743568	\N	nm1832674,nm2039838,nm0554241,nm0577579
tt15743570	\N	nm1832674,nm2039838,nm0554241,nm0577579
tt15743572	\N	nm1832674,nm2039838,nm0554241,nm0577579
tt15743574	\N	nm1832674,nm2039838,nm0554241,nm0577579
tt15743576	\N	\N
tt15743578	\N	nm1832674,nm2039838,nm0554241,nm0577579
tt15743580	\N	nm1832674,nm2039838,nm0554241,nm0577579
tt15743582	nm13051117	nm13051117
tt15743584	nm0880682	\N
tt15743586	\N	nm1832674,nm2039838,nm0554241,nm0577579
tt15743588	\N	nm1832674,nm2039838,nm0554241,nm0577579
tt15743592	\N	nm1832674,nm2039838,nm0554241,nm0577579
tt15743594	\N	nm1832674,nm2039838,nm0554241,nm0577579
tt15743596	\N	nm1832674,nm2039838,nm0554241,nm0577579
tt15743598	\N	nm1832674,nm2039838,nm0554241,nm0577579
tt15743600	\N	nm1832674,nm2039838,nm0554241,nm0577579
tt15743602	\N	nm1832674,nm2039838,nm0554241,nm0577579
tt15743604	\N	nm1832674,nm2039838,nm0554241,nm0577579
tt15743606	\N	\N
tt15743608	\N	nm1832674,nm2039838,nm0554241,nm0577579
tt15743610	\N	nm1832674,nm2039838,nm0554241,nm0577579
tt15743612	\N	nm1832674,nm2039838,nm0554241,nm0577579
tt15743614	\N	nm1832674,nm2039838,nm0554241,nm0577579
tt15743616	\N	nm1832674,nm2039838,nm0554241,nm0577579
tt15743618	\N	\N
tt15743620	\N	nm1832674,nm2039838,nm0554241,nm0577579
tt15743622	\N	nm1832674,nm2039838,nm0554241,nm0577579
tt15743624	\N	nm1832674,nm2039838,nm0554241,nm0577579
tt15743626	\N	\N
tt15743628	\N	nm1832674,nm2039838,nm0554241,nm0577579
tt15743630	\N	nm1832674,nm2039838,nm0554241,nm0577579
tt15743632	\N	nm1832674,nm2039838,nm0554241,nm0577579
tt15743634	\N	nm1832674,nm2039838,nm0554241,nm0577579
tt15743636	\N	nm1832674,nm2039838,nm0554241,nm0577579
tt15743638	\N	nm1832674,nm2039838,nm0554241,nm0577579
tt15743640	\N	nm1832674,nm2039838,nm0554241,nm0577579
tt15743642	\N	\N
tt15743644	\N	nm1832674,nm2039838,nm0554241,nm0577579
tt15743646	\N	nm1832674,nm2039838,nm0554241,nm0577579
tt15743648	\N	nm1832674,nm2039838,nm0554241,nm0577579
tt15743650	\N	nm1832674,nm2039838,nm0554241,nm0577579
tt15743652	\N	\N
tt15743654	\N	nm1832674,nm2039838,nm0554241,nm0577579
tt15743656	\N	\N
tt15743658	\N	nm1832674,nm2039838,nm0554241,nm0577579
tt15743662	\N	nm1832674,nm2039838,nm0554241,nm0577579
tt15743664	\N	nm1832674,nm2039838,nm0554241,nm0577579
tt15743666	\N	nm1832674,nm2039838,nm0554241,nm0577579
tt15743668	\N	nm1832674,nm2039838,nm0554241,nm0577579
tt15743670	nm6040837	nm6040837
tt15743674	\N	nm1832674,nm2039838,nm0554241,nm0577579
tt15743676	\N	nm1832674,nm2039838,nm0554241,nm0577579
tt15743678	\N	\N
tt15743680	nm11060398,nm11058272	nm0255145
tt15743682	\N	nm1832674,nm2039838,nm0554241,nm0577579
tt15743684	\N	nm1832674,nm2039838,nm0554241,nm0577579
tt15743686	\N	\N
tt15743688	\N	nm1832674,nm2039838,nm0554241,nm0577579
tt15743692	\N	nm1832674,nm2039838,nm0554241,nm0577579
tt15743694	\N	nm1832674,nm2039838,nm0554241,nm0577579
tt15743696	\N	nm1832674,nm2039838,nm0554241,nm0577579
tt15743698	\N	nm1832674,nm2039838,nm0554241,nm0577579
tt15743700	\N	nm1832674,nm2039838,nm0554241,nm0577579
tt15743702	\N	\N
tt15743704	nm4106636	nm3178901,nm4106636
tt15743706	\N	nm1832674,nm2039838,nm0554241,nm0577579
tt15743708	\N	nm1832674,nm2039838,nm0554241,nm0577579
tt15743710	\N	nm1832674,nm2039838,nm0554241,nm0577579
tt15743712	\N	nm1832674,nm2039838,nm0554241,nm0577579
tt15743714	\N	\N
tt15743716	\N	nm1832674,nm2039838,nm0554241,nm0577579
tt15743718	\N	nm1832674,nm2039838,nm0554241,nm0577579
tt15743720	\N	\N
tt15743722	\N	nm1832674,nm2039838,nm0554241,nm0577579
tt15743724	\N	nm1832674,nm2039838,nm0554241,nm0577579
tt15743726	\N	nm1832674,nm2039838,nm0554241,nm0577579
tt15743728	\N	nm1832674,nm2039838,nm0554241,nm0577579
tt15743730	\N	nm1832674,nm2039838,nm0554241,nm0577579
tt15743732	nm1375185,nm0482413	nm0422988,nm3856372
tt15743734	nm5126893	nm5126893
tt15743736	\N	nm1832674,nm2039838,nm0554241,nm0577579
tt15743738	\N	nm1832674,nm2039838,nm0554241,nm0577579
tt15743740	\N	nm1832674,nm2039838,nm0554241,nm0577579
tt15743742	\N	nm1832674,nm2039838,nm0554241,nm0577579
tt15743744	\N	nm1832674,nm2039838,nm0554241,nm0577579
tt15743746	\N	nm1832674,nm2039838,nm0554241,nm0577579
tt15743748	\N	nm1832674,nm2039838,nm0554241,nm0577579
tt15743750	\N	nm1832674,nm2039838,nm0554241,nm0577579
tt15743752	\N	nm1832674,nm2039838,nm0554241,nm0577579
tt15743754	\N	nm1832674,nm2039838,nm0554241,nm0577579
tt15743756	\N	nm1832674,nm2039838,nm0554241,nm0577579
tt15743758	\N	nm1832674,nm2039838,nm0554241,nm0577579
tt15743760	\N	nm1832674,nm2039838,nm0554241,nm0577579
tt15743762	\N	nm1832674,nm2039838,nm0554241,nm0577579
tt15743764	nm8902027	nm3532201
tt15743766	\N	nm1832674,nm2039838,nm0554241,nm0577579
tt15743768	\N	nm1832674,nm2039838,nm0554241,nm0577579
tt15743770	\N	nm1832674,nm2039838,nm0554241,nm0577579
tt15743772	\N	nm1832674,nm2039838,nm0554241,nm0577579
tt15743774	\N	nm1832674,nm2039838,nm0554241,nm0577579
tt15743776	\N	nm1832674,nm2039838,nm0554241,nm0577579
tt15743778	\N	nm1832674,nm2039838,nm0554241,nm0577579
tt15743780	\N	nm1832674,nm2039838,nm0554241,nm0577579
tt15743782	\N	nm1832674,nm2039838,nm0554241,nm0577579
tt15743784	\N	nm1832674,nm2039838,nm0554241,nm0577579
tt15743786	\N	nm1832674,nm2039838,nm0554241,nm0577579
tt15743788	\N	nm1832674,nm2039838,nm0554241,nm0577579
tt15743790	\N	nm1832674,nm2039838,nm0554241,nm0577579
tt15743792	\N	nm1832674,nm2039838,nm0554241,nm0577579
tt15743794	\N	nm1832674,nm2039838,nm0554241,nm0577579
tt15743796	\N	nm1832674,nm2039838,nm0554241,nm0577579
tt15743798	\N	nm1832674,nm2039838,nm0554241,nm0577579
tt15743800	nm13055479	\N
tt15743802	\N	nm1832674,nm2039838,nm0554241,nm0577579
tt15743804	\N	nm1832674,nm2039838,nm0554241,nm0577579
tt15743806	\N	nm1832674,nm2039838,nm0554241,nm0577579
tt15743808	nm0320326,nm11455458	nm0320326,nm11455458
tt15743810	nm5262331	nm12950608,nm12950610,nm12950607,nm5262331,nm12950609,nm11578254
tt15743812	nm1052291	nm1149075,nm1044098,nm8005470,nm10471046,nm4070113
tt15743816	nm1375185,nm0482413	nm0422988,nm3856372
tt15743818	nm5262331	nm12950608,nm12950610,nm12950607,nm5262331,nm12950609,nm11578254
tt15743820	nm5262331	nm12950608,nm12950610,nm12950607,nm5262331,nm12950609,nm11578254
tt15743822	nm8902027	nm3532201
tt15743824	nm5262331	nm12950608,nm12950610,nm12950607,nm5262331,nm12950609,nm11578254
tt15743826	nm5262331	nm12950608,nm12950610,nm12950607,nm5262331,nm12950609,nm11578254
tt15743828	nm5262331	nm13179875,nm12950608,nm12950610,nm12950607,nm5262331,nm12950609,nm11578254
tt15743830	nm5262331	nm12950608,nm12950610,nm12950607,nm5262331,nm12950609,nm11578254
tt15743832	nm5262331	nm12950608,nm12950610,nm12950607,nm5262331,nm12950609,nm11578254
tt15743834	nm5262331	nm12950608,nm12950610,nm12950607,nm5262331,nm12950609,nm11578254
tt15743836	nm13054837	nm13054837
tt15743838	nm5262331	nm12950608,nm12950610,nm12950607,nm5262331,nm12950609,nm11578254
tt15743840	nm5262331	nm13179875,nm12950608,nm12950610,nm12950607,nm5262331,nm12950609,nm11578254
tt15743842	nm5262331	nm12950608,nm12950610,nm12950607,nm5262331,nm12950609,nm11578254
tt15743844	nm5262331	nm12950608,nm12950610,nm12950607,nm5262331,nm12950609,nm11578254
tt15743846	nm5262331	nm12950608,nm12950610,nm12950607,nm5262331,nm12950609,nm11578254
tt15743848	nm5262331	nm12950608,nm12950610,nm12950607,nm5262331,nm12950609,nm11578254
tt15743850	nm5262331	nm12950608,nm12950610,nm12950607,nm5262331,nm12950609,nm11578254
tt15743852	nm5262331	nm12950608,nm12950610,nm12950607,nm5262331,nm12950609,nm11578254
tt15743854	\N	\N
tt15743858	nm5262331	nm12950608,nm12950610,nm12950607,nm5262331,nm12950609,nm11578254
tt15743860	nm0482413,nm1375185	nm0422988,nm3856372
tt15743862	nm5262331	nm12950608,nm12950610,nm12950607,nm5262331,nm12950609,nm11578254
tt15743864	nm5262331	nm12950608,nm12950610,nm12950607,nm5262331,nm12950609,nm11578254
tt15743866	\N	\N
tt15743870	nm5262331	nm12950608,nm12950610,nm12950607,nm5262331,nm12950609,nm11578254
tt15743872	nm5262331	nm12950608,nm12950610,nm12950607,nm5262331,nm12950609,nm11578254
tt15743874	nm5262331	nm12950608,nm12950610,nm12950607,nm5262331,nm12950609,nm11578254
tt15743876	nm5262331	nm12950608,nm12950610,nm12950607,nm5262331,nm12950609,nm11578254
tt15743878	nm5262331	nm12950608,nm12950610,nm12950607,nm5262331,nm12950609,nm11578254
tt15743880	nm5262331	nm12950608,nm12950610,nm12950607,nm5262331,nm12950609,nm11578254
tt15743882	nm5262331	nm12950608,nm12950610,nm12950607,nm5262331,nm12950609,nm11578254
tt15743884	nm5262331	nm12950608,nm12950610,nm12950607,nm5262331,nm12950609,nm11578254
tt15743886	nm5262331	nm12950608,nm12950610,nm12950607,nm5262331,nm12950609,nm11578254
tt15743888	nm5262331	nm12950608,nm12950610,nm12950607,nm5262331,nm12950609,nm11578254
tt15743890	nm5262331	nm12950608,nm12950610,nm12950607,nm5262331,nm12950609,nm11578254
tt15743892	nm5262331	nm12950608,nm12950610,nm12950607,nm5262331,nm12950609,nm11578254
tt15743894	nm5262331	nm12950608,nm12950610,nm12950607,nm5262331,nm12950609,nm11578254
tt15743896	nm5262331	nm12950608,nm12950610,nm12950607,nm5262331,nm12950609,nm11578254
tt15743898	nm5262331	nm12950608,nm12950610,nm12950607,nm5262331,nm12950609,nm11578254
tt15743900	nm5262331	nm12950608,nm12950610,nm12950607,nm5262331,nm12950609,nm11578254
tt15743902	nm5262331	nm12950608,nm12950610,nm12950607,nm5262331,nm12950609,nm11578254
tt15743904	nm5262331	nm12950608,nm12950610,nm12950607,nm5262331,nm12950609,nm11578254
tt15743906	nm5262331	nm12950608,nm12950610,nm12950607,nm5262331,nm12950609,nm11578254
tt15743908	nm5262331	nm12950608,nm12950610,nm12950607,nm5262331,nm12950609,nm11578254
tt15743910	nm0598173	nm0673502
tt15743912	nm0598173	nm0673502
tt15743914	nm0598173	nm0673502
tt15743916	nm0598173	nm0673502
tt15743918	nm0598173	nm0673502
tt15743920	nm0598173	nm0673502
tt15743922	nm0598173	nm0673502
tt15743924	nm0598173	nm0673502
tt15743926	nm0598173	nm0673502
tt15743928	nm0598173	nm0673502
tt15743930	nm0598173	nm0673502
tt15743932	nm0598173	nm0673502
tt15743934	nm1601654,nm3555800	nm0577051,nm5333009,nm10821928,nm5117501,nm5425620,nm0373839,nm5551793
tt15743936	nm0598173	nm0673502
tt15743938	nm0598173	nm0673502
tt15743940	nm0598173	nm0673502
tt15743942	nm0598173	nm0673502
tt15743944	nm0598173	nm0673502
tt15743946	nm0598173	nm0673502
tt15743948	nm0598173	nm0673502
tt15743950	nm0598173	nm0673502
tt15743952	nm2544856	nm4701016,nm0236512,nm5858172,nm1529580
tt15743954	nm13041258	nm13041258
tt15743956	nm2544856	nm4701016,nm0236512,nm5858172,nm1529580
tt15743958	nm2544856	nm4701016,nm0236512,nm5858172,nm1529580
tt15743960	nm2544856	nm4701016,nm0236512,nm5858172,nm1529580
tt15743962	nm2544856	nm4701016,nm0236512,nm5858172,nm1529580
tt15743964	nm2544856	nm4701016,nm0236512,nm5858172,nm1529580
tt15743966	nm2544856	nm4701016,nm0236512,nm5858172,nm1529580
tt15743968	nm2544856	nm4701016,nm0236512,nm5858172,nm1529580
tt15743970	nm2544856	nm4701016,nm0236512,nm5858172,nm1529580
tt15743972	nm2544856	nm4701016,nm0236512,nm5858172,nm1529580
tt15743974	nm2544856	nm4701016,nm0236512,nm5858172,nm1529580
tt15743976	nm2544856	nm4701016,nm0236512,nm5858172,nm1529580
tt15743978	nm2544856	nm4701016,nm0236512,nm5858172,nm1529580
tt15743980	nm2544856	nm4701016,nm0236512,nm5858172,nm1529580
tt15743982	nm2544856	nm4701016,nm0236512,nm5858172,nm1529580
tt15743984	nm5229261	\N
tt15743986	nm2544856	nm4701016,nm0236512,nm5858172,nm1529580
tt15743988	nm3178901,nm4106636	nm3178901,nm4106636
tt15743990	nm2544856	nm4701016,nm0236512,nm5858172,nm1529580
tt15743992	nm2544856	nm4701016,nm0236512,nm5858172,nm1529580
tt15743994	nm2544856	nm4701016,nm0236512,nm5858172,nm1529580
tt15743996	\N	\N
tt15743998	nm2544856	nm4701016,nm0236512,nm5858172,nm1529580
tt15744000	\N	\N
tt15744002	nm2544856	nm4701016,nm0236512,nm5858172,nm1529580
tt15744004	nm2544856	nm4701016,nm0236512,nm5858172,nm1529580
tt15744006	nm3614737	nm0015611,nm5711184
tt15744008	nm2544856	nm4701016,nm0236512,nm5858172,nm1529580
tt15744010	\N	\N
tt15744012	nm2544856	nm4701016,nm0236512,nm5858172,nm1529580
tt15744014	nm2544856	nm4701016,nm0236512,nm5858172,nm1529580
tt15744016	nm2544856	nm4701016,nm0236512,nm5858172,nm1529580
tt15744018	nm2544856	nm4701016,nm0236512,nm5858172,nm1529580
tt15744020	nm2544856	nm4701016,nm0236512,nm5858172,nm1529580
tt15744022	nm2544856	nm4701016,nm0236512,nm5858172,nm1529580
tt15744024	nm2544856	nm4701016,nm0236512,nm5858172,nm1529580
tt15744026	nm2544856	nm4701016,nm0236512,nm5858172,nm1529580
tt15744028	nm2544856	nm4701016,nm0236512,nm5858172,nm1529580
tt15744030	nm2544856	nm4701016,nm0236512,nm5858172,nm1529580
tt15744032	nm2544856	nm4701016,nm0236512,nm5858172,nm1529580
tt15744034	nm2544856	nm4701016,nm0236512,nm5858172,nm1529580
tt15744036	nm2544856	nm4701016,nm0236512,nm5858172,nm1529580
tt15744038	\N	\N
tt15744040	nm2544856	nm4701016,nm0236512,nm5858172,nm1529580
tt15744042	nm2544856	nm4701016,nm0236512,nm5858172,nm1529580
tt15744044	nm2544856	nm4701016,nm0236512,nm5858172,nm1529580
tt15744046	nm2544856	nm4701016,nm0236512,nm5858172,nm1529580
tt15744048	nm5243569	nm10761559
tt15744050	nm2544856	nm4701016,nm0236512,nm5858172,nm1529580
tt15744052	nm2544856	nm4701016,nm0236512,nm5858172,nm1529580
tt15744054	nm2544856	nm4701016,nm0236512,nm5858172,nm1529580
tt15744056	nm2544856	nm4701016,nm0236512,nm5858172,nm1529580
tt15744058	nm2544856	nm4701016,nm0236512,nm5858172,nm1529580
tt15744060	nm2544856	nm4701016,nm0236512,nm5858172,nm1529580
tt15744062	\N	nm0054934,nm0783645
tt15744064	\N	\N
tt15744066	nm2544856	nm4701016,nm0236512,nm5858172,nm1529580
tt15744068	nm2544856	nm4701016,nm0236512,nm5858172,nm1529580
tt15744070	\N	\N
tt15744072	\N	\N
tt15744074	\N	\N
tt15744076	nm0617790	nm3687889,nm13054894
tt15744078	nm2544856	nm4701016,nm0236512,nm5858172,nm1529580
tt15744080	\N	\N
tt15744082	\N	\N
tt15744084	\N	\N
tt15744086	\N	\N
tt15744088	nm2544856	nm4701016,nm0236512,nm5858172,nm1529580
tt15744090	nm2178332	\N
tt15744092	nm7948444	nm4651890
tt15744094	nm13054023	\N
tt15744096	nm13054023	\N
tt15744098	nm2347032	nm5379454
tt15744100	nm2544856	nm4701016,nm0236512,nm5858172,nm1529580
tt15744102	nm6328989	nm6328989,nm6617195
tt15744104	nm2544856	nm4701016,nm0236512,nm5858172,nm1529580
tt15744106	nm2544856	nm4701016,nm0236512,nm5858172,nm1529580
tt15744108	nm1916835,nm2436566	nm2436566,nm1916835
tt15744110	nm2544856	nm4701016,nm0236512,nm5858172,nm1529580
tt15744112	nm2544856	nm4701016,nm0236512,nm5858172,nm1529580
tt15744114	nm2544856	nm4701016,nm0236512,nm5858172,nm1529580
tt15744116	\N	\N
tt15744118	nm2544856	nm4701016,nm0236512,nm5858172,nm1529580
tt15744120	nm2544856	nm4701016,nm0236512,nm5858172,nm1529580
tt15744122	nm2544856	nm4701016,nm0236512,nm5858172,nm1529580
tt15744124	nm2887134	\N
tt15744126	nm7738296	nm7738296
tt15744128	\N	\N
tt15744132	nm1701470	nm8660549
tt15744136	\N	\N
tt15744138	\N	\N
tt15744140	\N	\N
tt15744142	\N	\N
tt15744144	nm1037470	\N
tt15744156	\N	nm4904140,nm0637707,nm12883521,nm1940185,nm12894409
tt15744158	nm13054919	nm13054919,nm10513440
tt15744160	nm13054922	nm13054922
tt15744164	\N	\N
tt15744166	\N	nm4904140,nm0637707,nm12883521,nm1940185,nm12894409
tt15744168	nm2178332	\N
tt15744170	nm13038335	\N
tt15744172	nm6605976	\N
tt15744176	nm6195515	nm4620544
tt15744178	\N	\N
tt15744182	\N	\N
tt15744184	\N	\N
tt15744186	nm11105375	nm11105375
tt15744188	\N	\N
tt15744190	nm1701470	nm8660549
tt15744192	nm0257872	nm0341311
tt15744194	nm10148023	\N
tt15744196	\N	\N
tt15744198	nm7731455	nm0464175,nm0117679,nm1720672,nm1066642,nm0888593,nm2904069,nm3242162
tt15744200	\N	\N
tt15744202	\N	\N
tt15744204	nm0509554	\N
tt15744206	nm10542076	nm7393352
tt15744212	nm10652423	nm10652423
tt15744214	\N	\N
tt15744216	\N	\N
tt15744218	nm1043749,nm13056651,nm1987969,nm1519751	\N
tt15744220	\N	\N
tt15744224	\N	\N
tt15744228	nm12347425	nm12347425
tt15744230	\N	\N
tt15744232	nm10148023	\N
tt15744234	\N	\N
tt15744236	\N	\N
tt15744238	nm13054973	\N
tt15744240	nm13048760,nm13055010	\N
tt15744246	\N	\N
tt15744248	nm12347425	nm12347425
tt15744254	\N	\N
tt15744256	nm1701470	nm8660549
tt15744258	\N	\N
tt15744260	\N	\N
tt15744264	\N	\N
tt15744272	nm9742201,nm3301505	nm3301505
tt15744274	\N	\N
tt15744276	\N	\N
tt15744278	\N	\N
tt15744280	nm2896181	nm2896181
tt15744282	\N	\N
tt15744284	nm9210484,nm4336426,nm4849869	\N
tt15744286	\N	\N
tt15744288	nm13712311	nm11681785
tt15744290	\N	\N
tt15744292	\N	\N
tt15744294	nm1519751	\N
tt15744296	nm1701470	nm8660549,nm10458322
tt15744298	nm0603628	nm1802676
tt15744300	\N	\N
tt15744302	\N	\N
tt15744304	\N	\N
tt15744306	\N	\N
tt15744308	nm11027156	nm12993974,nm11027156
tt15744310	\N	\N
tt15744312	nm6157403	nm6157403
tt15744314	\N	\N
tt15744318	\N	\N
tt15744320	\N	\N
tt15744322	\N	nm7260930
tt15744324	nm1701470	nm12293184,nm8660549
tt15744326	\N	\N
tt15744328	\N	nm12042701
tt15744330	\N	\N
tt15744332	\N	\N
tt15744334	\N	\N
tt15744336	nm13055054	nm13055054
tt15744338	\N	\N
tt15744340	\N	\N
tt15744342	\N	\N
tt15744344	\N	\N
tt15744346	\N	nm1954868
tt15744348	\N	\N
tt15744350	\N	\N
tt15744352	\N	\N
tt15744354	\N	\N
tt15744356	nm12652867	nm12652867,nm12652822
tt15744358	\N	\N
tt15744360	\N	nm1954868
tt15744362	nm1701470	nm8660549,nm12306838
tt15744364	\N	nm13041258
tt15744366	\N	\N
tt15744368	\N	\N
tt15744370	\N	\N
tt15744374	\N	\N
tt15744376	nm7510633,nm6002252,nm3702299	\N
tt15744378	nm7510633,nm3670924,nm3702299	\N
tt15744380	\N	nm1954868
tt15744382	\N	\N
tt15744384	nm2947270	\N
tt15744386	\N	\N
tt15744388	\N	\N
tt15744390	nm11622911	\N
tt15744392	nm1317644	\N
tt15744394	nm1317644	nm1681044
tt15744396	\N	\N
tt15744398	\N	\N
tt15744400	\N	\N
tt15744402	\N	\N
tt15744404	nm1227859	nm0341311
tt15744406	nm10148023	\N
tt15744408	nm1227859	nm0341311
tt15744410	\N	\N
tt15744412	nm1352017	nm0035170,nm0068999,nm0123611,nm0673410,nm6852364
tt15744414	nm0917523	\N
tt15744416	nm10148023	\N
tt15744418	nm7260547	nm7260547
tt15744422	nm3375817	nm3375817
tt15744424	nm11797940	nm11797940
tt15744426	nm7991471	nm7991471,nm7992482,nm13055114
tt15744428	\N	\N
tt15744430	\N	\N
tt15744432	nm7186520	nm7186520
tt15744434	\N	\N
tt15744436	nm2947270	nm6648884,nm2947270
tt15744438	nm1043526	nm1043526
tt15744440	nm13055118,nm4926059	nm4926059
tt15744442	nm11273317	nm11273317
tt15744444	\N	\N
tt15744446	\N	\N
tt15744448	\N	\N
tt15744450	\N	\N
tt15744452	\N	nm11207110
tt15744456	nm3062168	nm1944195,nm3062168
tt15744458	\N	\N
tt15744460	\N	\N
tt15744462	nm0202516	nm2414113,nm3537396,nm7976248,nm5322018,nm5670417,nm2891978
tt15744464	nm2947270	nm2947270,nm3936481
tt15744466	\N	\N
tt15744468	\N	\N
tt15744470	\N	\N
tt15744472	\N	\N
tt15744474	\N	\N
tt15744476	nm4866860	nm4866860
tt15744478	\N	\N
tt15744480	\N	\N
tt15744482	\N	\N
tt15744486	\N	\N
tt15744488	nm13055150	nm13055150
tt15744490	nm1283825,nm0427323	nm0477804,nm5730942,nm2087483,nm6785808,nm11929429,nm6544667,nm3647721
tt15744494	nm12020553	nm13055163,nm11493109,nm12020553
tt15744496	nm10148023	\N
tt15744500	\N	\N
tt15744502	nm2947270	\N
tt15744504	\N	\N
tt15744506	\N	\N
tt15744508	nm7770329,nm3615748,nm8172400,nm3629325	nm5340602,nm8148380,nm7770329,nm3615748,nm7664314,nm8172400,nm4819705,nm3629325
tt15744510	\N	\N
tt15744512	\N	\N
tt15744514	nm3615748,nm8172400,nm7770329	nm5340602
tt15744516	nm9011057	\N
tt15744522	\N	\N
tt15744524	\N	\N
tt15744526	\N	\N
tt15744528	\N	\N
tt15744530	\N	\N
tt15744532	\N	\N
tt15744534	nm3040029	nm7738527,nm1628335,nm4012501,nm3464572,nm4311463
tt15744540	nm6637181	nm6637181
tt15744542	\N	\N
tt15744546	nm9810231	nm9810231
tt15744548	\N	\N
tt15744550	\N	\N
tt15744552	\N	\N
tt15744554	nm3936481	\N
tt15744556	\N	\N
tt15744558	\N	\N
tt15744560	\N	\N
tt15744562	\N	\N
tt15744564	\N	\N
tt15744566	\N	\N
tt15744570	\N	\N
tt15744572	\N	\N
tt15744574	\N	\N
tt15744576	\N	\N
tt15744580	nm0795095,nm0471461,nm0266390,nm1600838	nm1454496,nm0912726,nm13154190
tt15744584	\N	\N
tt15744588	nm3936481	nm4866860
tt15744590	\N	\N
tt15744592	\N	\N
tt15744594	nm2934176	nm4867625,nm5431216,nm1135214,nm2139004
tt15744596	\N	\N
tt15744598	nm6933344	nm6933344
tt15744600	nm2176420	nm0914844,nm2967478,nm7128024,nm5368990,nm0079926
tt15744602	\N	\N
tt15744604	\N	\N
tt15744606	\N	\N
tt15744608	\N	\N
tt15744610	\N	\N
tt15744612	nm2934176	nm4867625,nm5431216,nm1135214,nm2139004
tt15744614	\N	\N
tt15744616	\N	\N
tt15744618	\N	\N
tt15744620	\N	\N
tt15744622	nm2947270	nm2947270
tt15744624	\N	\N
tt15744628	nm4254419	nm4254419
tt15744630	\N	nm13055189
tt15744632	nm10148023	\N
tt15744634	\N	\N
tt15744638	nm2947270	nm2947270
tt15744640	nm13055199	\N
tt15744644	\N	\N
tt15744646	\N	\N
tt15744648	nm2947270	nm2947270
tt15744650	\N	\N
tt15744652	\N	\N
tt15744654	\N	\N
tt15744656	\N	\N
tt15744658	nm1701470	nm8660549
tt15744662	nm3603100	nm1840982,nm8030322,nm6431357,nm2392528
tt15744664	nm10148023	\N
tt15744666	nm2466513,nm3089314,nm3305283	nm1870111,nm4772724,nm4283131,nm1206652,nm1261484,nm8987684,nm6061048,nm1768526
tt15744668	nm1460404	nm1460404,nm0945510
tt15744670	\N	nm10965143
tt15744672	\N	\N
tt15744674	\N	\N
tt15744676	\N	\N
tt15744680	nm4426369,nm2424883	nm4426369
tt15744682	\N	nm7144747
tt15744684	nm6217194	nm5340602
tt15744686	nm2947270	nm2947270
tt15744688	nm1701470	nm8660549,nm12306838
tt15744690	nm4426369,nm2424883	nm4426369
tt15744692	nm10148023	\N
tt15744694	nm4426369,nm2424883	nm4426369
tt15744696	nm0149703,nm0496310,nm1425353	nm1569740,nm4166617,nm1258882,nm2808738,nm1045959,nm5763477,nm1932068,nm5574646,nm2019300,nm2987572,nm3939966
tt15744698	nm9863519,nm12902423,nm13055282,nm12887982	nm13055283,nm13055284,nm9863519
tt15744700	nm12774657	nm8933887
tt15744704	nm13055307	\N
tt15744706	nm4426369	nm4426369
tt15744708	nm0001661	nm0262595,nm0317279,nm0000175
tt15744710	nm8550535	nm8550535
tt15744712	\N	\N
tt15744718	nm0912786	nm0912786
tt15744720	nm10148023	\N
tt15744722	nm5340602,nm7472988	nm5340602,nm7472988
tt15744724	nm5340602,nm7472988	nm5340602,nm7472988
tt15744726	\N	\N
tt15744728	\N	\N
tt15744730	nm13055327	\N
tt15744732	nm1245286	nm2412793,nm5670417,nm3643860,nm1362937,nm4188148
tt15744734	\N	\N
tt15744736	nm1701470	nm12293184,nm8660549
tt15744738	nm0455633,nm6718876	\N
tt15744742	nm0699654	nm0699654
tt15744746	\N	\N
tt15744748	\N	\N
tt15744750	nm0280255	nm3764575
tt15744754	\N	\N
tt15744758	\N	\N
tt15744760	nm2343455	\N
tt15744762	\N	\N
tt15744764	\N	\N
tt15744766	nm0786338	\N
tt15744768	\N	\N
tt15744770	\N	\N
tt15744772	\N	\N
tt15744774	nm10148023	\N
tt15744778	\N	\N
tt15744780	\N	\N
tt15744782	\N	\N
tt15744784	\N	\N
tt15744788	\N	\N
tt15744790	nm0230665	nm0718107,nm6568522,nm3197228,nm2080999,nm11721153,nm3498371,nm9566720
tt15744792	\N	\N
tt15744796	\N	\N
tt15744798	nm0266390,nm0471461,nm0795095,nm1600838	nm3531283,nm0912726,nm13154190
tt15744800	\N	\N
tt15744802	\N	\N
tt15744804	\N	\N
tt15744806	\N	\N
tt15744808	nm4918324	nm4918324
tt15744810	\N	\N
tt15744812	nm11010784	\N
tt15744814	nm2679364	nm13055410,nm8990945
tt15744816	\N	\N
tt15744818	\N	\N
tt15744820	\N	\N
tt15744822	\N	\N
tt15744824	\N	\N
tt15744826	\N	\N
tt15744828	\N	\N
tt15744830	\N	\N
tt15744832	\N	\N
tt15744834	\N	\N
tt15744836	\N	\N
tt15744838	\N	\N
tt15744840	\N	\N
tt15744842	\N	\N
tt15744844	\N	\N
tt15744846	\N	\N
tt15744848	\N	\N
tt15744850	\N	\N
tt15744852	\N	\N
tt15744854	\N	\N
tt15744856	\N	\N
tt15744858	\N	\N
tt15744860	\N	\N
tt15744862	\N	\N
tt15744864	\N	\N
tt15744866	\N	\N
tt15744868	\N	\N
tt15744870	\N	\N
tt15744872	\N	\N
tt15744874	\N	\N
tt15744876	\N	\N
tt15744878	\N	nm13133233
tt15744880	\N	\N
tt15744882	nm3192710,nm3301050	nm5340602
tt15744884	nm1629105	nm1212929,nm0748665,nm0340037,nm0353673,nm0133459,nm4024003,nm6274136,nm3197271,nm5864853,nm4733721
tt15744886	\N	\N
tt15744888	\N	nm5340602
tt15744890	nm3062168	nm3062168
tt15744892	nm1869356	nm1869356
tt15744896	nm1686102	\N
tt15744898	\N	\N
tt15744900	nm10217435	\N
tt15744902	\N	\N
tt15744904	\N	\N
tt15744906	\N	\N
tt15744908	\N	nm12564691,nm9367828
tt15744910	\N	nm0247495,nm9367828
tt15744912	\N	nm5340602
tt15744914	\N	nm9367828,nm2148583
tt15744916	\N	nm0247495,nm9367828
tt15744918	\N	nm0247495,nm9367828
tt15744920	\N	nm0247495,nm9367828
tt15744922	\N	nm4998702,nm12564691,nm9367828
tt15744924	\N	nm5340602
tt15744926	\N	nm9367828
tt15744928	\N	nm5340602,nm5392910
tt15744930	\N	\N
tt15744932	\N	nm5340602,nm8691972
tt15744936	\N	\N
tt15744938	\N	\N
tt15744940	nm4798985	nm13055430
tt15744942	\N	\N
tt15744944	\N	\N
tt15744946	\N	\N
tt15744948	\N	\N
tt15744950	\N	\N
tt15744952	\N	\N
tt15744956	\N	\N
tt15744958	\N	\N
tt15744960	nm3062168	nm3062168
tt15744962	nm5340602	nm5340602
tt15744964	\N	\N
tt15744968	nm1701470	nm8660549
tt15744970	\N	\N
tt15744972	\N	\N
tt15744976	\N	\N
tt15744980	\N	\N
tt15744982	nm8195027	nm5969735
tt15744986	nm13055464	\N
tt15744988	\N	\N
tt15744990	nm5340602	nm5340602
tt15744992	\N	\N
tt15744994	nm12471584	\N
tt15744996	\N	\N
tt15744998	nm5340602	nm5340602
tt15745002	nm5340602	nm5340602
tt15745004	nm6742999,nm8569108	nm8569108,nm6742999
tt15745006	nm7623197	\N
tt15745010	\N	\N
tt15745012	nm0457828	nm0295405,nm6404586,nm5791691,nm3162595,nm0096532,nm9266560
tt15745014	nm13055482	\N
tt15745040	nm1900144	nm0000807,nm0203577,nm2380834
tt15745042	nm1900144	nm0000807,nm0203577
tt15745044	nm1900144	nm0000807,nm0203577,nm1738007
tt15745046	\N	\N
tt15745048	\N	nm3567211,nm13496520
tt15745050	nm7884073	nm7884073
tt15745052	nm10148023	\N
tt15745054	nm1904992	nm1904992
tt15745056	nm1701470	nm8660549
tt15745058	nm0578181	\N
tt15745060	nm10580682	nm10580682
tt15745064	nm11305731	nm11305731
tt15745066	nm5340602	nm5340602
tt15745070	\N	\N
tt15745072	\N	\N
tt15745074	\N	\N
tt15745076	nm7621950	nm7621950
tt15745078	nm5340602	nm5340602
tt15745080	nm4792523	\N
tt15745082	nm8195027	nm5969735
tt15745084	nm13064156	nm0666999,nm2432884
tt15745086	\N	\N
tt15745088	nm10580682	nm10580682
tt15745090	\N	\N
tt15745092	\N	\N
tt15745094	nm5340602	nm5340602
tt15745096	nm13055542	\N
tt15745098	nm4792523	\N
tt15745100	nm5340602	nm5340602
tt15745102	nm13030315	nm13030315
tt15745104	nm5340602	nm5340602
tt15745106	\N	\N
tt15745108	nm10148023	\N
tt15745110	nm9908900	nm9908900
tt15745112	nm7881506	\N
tt15745114	nm5340602	nm5340602
tt15745116	nm13055546	nm13055546
tt15745118	nm1474956	nm1474956
tt15745120	nm7082627	nm7082627
tt15745122	nm5340602	nm5340602
tt15745124	nm4503922	\N
tt15745126	nm7220325	nm7220325,nm8829035
tt15745134	nm10148023	\N
tt15745136	\N	\N
tt15745138	nm6251799	\N
tt15745140	\N	\N
tt15745142	\N	\N
tt15745144	nm6265988	\N
tt15745146	\N	\N
tt15745148	nm11408078	nm12406096
tt15745150	nm12268134	nm12268134
tt15745152	\N	\N
tt15745154	nm10148023	\N
tt15745156	nm2815031,nm4175770	\N
tt15745158	nm6708993	nm6708993
tt15745160	\N	\N
tt15745166	\N	\N
tt15745168	nm3153020	nm10850210
tt15745170	nm7358573	nm7358573
tt15745174	nm1948237	nm1948237,nm4587738
tt15745176	nm1948237	nm1948237,nm4587738
tt15745180	nm1948237	nm1948237,nm4587738
tt15745190	nm1948237	nm1948237,nm4587738
tt15745192	nm13055739	\N
tt15745194	nm6208424	nm13055756,nm6208424
tt15745196	nm2006520,nm2386413	\N
tt15745208	\N	\N
tt15745210	nm13055758	\N
tt15745212	nm2386413,nm2006520	nm2334500
tt15745214	nm2386413,nm2006520	nm5277896
tt15745216	nm2006520,nm2386413	\N
tt15745218	nm2006520,nm2386413	\N
tt15745220	\N	nm2386784
tt15745222	nm9042361	nm9042361
tt15745224	nm6661872	nm4191616
tt15745226	nm1036574	nm4007164,nm2445508
tt15745228	\N	\N
tt15745230	nm8624283	nm8624283
tt15745232	\N	\N
tt15745234	nm2386413,nm2006520	\N
tt15745236	nm3035042	nm3065627
tt15745238	nm10148023	\N
tt15745240	nm7353430	nm13056284,nm7353430
tt15745242	nm3062168	nm3062168
tt15745244	nm5859016,nm9374537,nm8284345	nm5107569,nm5642614,nm4879914
tt15745246	nm8284345,nm5124810	nm5107569,nm6215764,nm3182995
tt15745248	nm9374537,nm5859016,nm5124810	nm5107569,nm4069822,nm4879914
tt15745252	nm10580682	nm10580682
tt15745254	nm12076630	nm12076844,nm3714373,nm7526853,nm3798156,nm3355309
tt15745256	nm0147246	nm0740342,nm12975307
tt15745258	\N	\N
tt15745260	nm2006520,nm2386413	nm2334500
tt15745262	nm2386413,nm2006520	nm5277896
tt15745264	nm1948237	\N
tt15745266	nm5859016,nm9374537,nm8284345	nm5107569,nm5642614,nm3182995,nm1715628,nm3696188,nm13059454
tt15745268	nm11485636	\N
tt15745270	nm10327824	nm13055818
tt15745272	nm7881506	\N
tt15745274	nm0147246	nm2158702,nm12975307
tt15745276	nm1595270	\N
tt15745278	nm2450906	nm0365687,nm2450906
tt15745280	\N	nm12963307
tt15745282	\N	\N
tt15745284	nm6637944	\N
tt15745288	nm3062168	nm3062168
tt15745290	nm0147246	nm11817751,nm12975307
tt15745292	nm4830606	\N
tt15745294	nm2386413,nm2006520	nm2334500
tt15745296	\N	\N
tt15745298	nm2241613	nm2241613,nm2432328
tt15745300	nm13030315	\N
tt15745302	nm3555793	nm7449877,nm12975307
tt15745304	nm11387389	nm11387389
tt15745306	\N	\N
tt15745308	nm13026585	nm13026585,nm10794077
tt15745310	\N	\N
tt15745312	nm1937451	nm1937451
tt15745314	\N	\N
tt15745316	\N	\N
tt15745318	\N	\N
tt15745320	\N	\N
tt15745322	nm1927689	\N
tt15745324	nm7602619	nm7368731,nm7602619
tt15745326	\N	\N
tt15745328	\N	\N
tt15745330	nm0462652	nm0031342,nm3030564
tt15745334	nm13139033	nm13055895,nm2238283,nm13139033
tt15745336	nm5948313	nm5948313
tt15745338	nm6190270	nm11308463
tt15745340	\N	nm2429688
tt15745344	nm7468998	\N
tt15745346	\N	\N
tt15745348	nm0164682	nm2112134,nm3215899
tt15745360	nm13055916	\N
tt15745364	\N	nm2089408,nm12599555
tt15745366	nm11772064	nm13055921
tt15745370	\N	\N
tt15745376	nm2527744	nm10376692
tt15745382	nm7640963	nm7640963
tt15745386	nm3555793	nm11005899,nm12975307
tt15745388	nm3017683,nm0818472	nm12587147,nm10099523,nm0372935
tt15745390	\N	\N
tt15745392	\N	\N
tt15745394	nm8850943	nm8850943,nm13055937
tt15745396	\N	\N
tt15745398	\N	\N
tt15745400	\N	\N
tt15745402	\N	\N
tt15745404	nm2624698,nm5987070	\N
tt15745406	\N	\N
tt15745410	\N	\N
tt15745414	\N	\N
tt15745416	\N	\N
tt15745418	nm0818472,nm3017683	nm5674756,nm12587147,nm0372935
tt15745420	\N	nm6069641
tt15745424	\N	\N
tt15745426	\N	\N
tt15745428	\N	nm13055977
tt15745430	\N	\N
tt15745432	nm10942230	nm10942230
tt15745434	\N	\N
tt15745436	\N	\N
tt15745438	\N	\N
tt15745442	\N	\N
tt15745444	\N	\N
tt15745446	\N	\N
tt15745448	\N	\N
tt15745450	\N	nm2089408,nm12599555
tt15745452	nm10407209	nm13050522,nm2275708,nm2458322
tt15745458	nm3741560	nm4942322,nm3065627
tt15745462	nm2857339	nm8495494
tt15745466	nm9432602	nm9432602
tt15745476	\N	\N
tt15745478	nm0394245	nm13055996
tt15745480	\N	nm0664920
tt15745482	nm5741914	nm5741914
tt15745484	nm9870224	\N
tt15745486	\N	\N
tt15745488	\N	\N
tt15745490	nm5303014	\N
tt15745492	nm9870224	\N
tt15745832	\N	\N
tt15745838	nm5318002	\N
tt15745840	nm6889105	\N
tt15745842	\N	\N
tt15745844	nm11458113	nm10617145
tt15745848	\N	\N
tt15745850	nm2097656	nm5501213
tt15745852	nm3051220	nm3051220
tt15745854	\N	nm2089408,nm12599555
tt15745856	nm4219739	nm4190164
tt15745864	nm12314802	nm12314802
tt15745866	nm11900687	nm11900687
tt15745868	nm11138988	nm11138988
tt15745870	\N	\N
tt15745872	\N	nm1460829
tt15745876	nm0136555	nm11753960
tt15745880	\N	\N
tt15745882	\N	\N
tt15745884	nm3790554	nm11090542,nm6410203
tt15745886	nm3790554	nm11090542,nm6410203
tt15745888	nm3790554	nm11090542,nm6410203
tt15745890	nm3790554	nm11090542,nm6410203
tt15745892	nm1937376,nm3790554	nm11090542,nm6410203
tt15745894	\N	\N
tt15745896	nm2286586	\N
tt15745898	nm12028214	nm12028214
tt15745900	\N	\N
tt15745902	nm0164682	nm2112134,nm3215899
tt15745904	\N	\N
tt15745906	nm6369410	nm6369410
tt15745910	\N	\N
tt15745912	nm2300053	nm4430296
tt15745932	nm10148023	\N
tt15745934	nm2081630	nm8053058
tt15745936	\N	nm8053058
tt15745938	\N	nm8053058
tt15745940	\N	nm8053058
tt15745942	\N	nm8053058
tt15745944	nm8866979	\N
tt15745948	nm4646327	nm4646327
tt15745950	\N	\N
tt15745952	\N	nm2089408,nm12599555
tt15745954	nm11900687	nm11900687
tt15745956	\N	nm13970296
tt15745958	\N	nm13970296
tt15745960	\N	nm13970296
tt15745962	\N	nm13970296
tt15745964	\N	nm13970296
tt15745974	\N	\N
tt15745976	nm3733101	nm3733101
tt15745982	\N	\N
tt15746070	nm1159727	nm1159727
tt15746072	nm13056138,nm2749518	\N
tt15746074	\N	\N
tt15746076	nm0679840	\N
tt15746080	nm1159727	nm3214381,nm1159727
tt15746082	nm0679840	\N
tt15746086	nm0679840	\N
tt15746088	\N	\N
tt15746090	nm1159727	nm3214381
tt15746092	\N	\N
tt15746096	\N	\N
tt15746098	\N	\N
tt15746100	\N	\N
tt15746102	\N	\N
tt15746104	\N	\N
tt15746106	\N	\N
tt15746108	\N	\N
tt15746110	\N	\N
tt15746112	\N	\N
tt15746114	\N	\N
tt15746116	\N	\N
tt15746118	\N	\N
tt15746120	nm5603431	nm9477992
tt15746124	nm12173974	nm9715115,nm10371317
tt15746126	nm13056155,nm13056154	nm13056156,nm13056157
tt15746128	\N	\N
tt15746130	nm5731646	nm5731646
tt15746132	nm11260586	nm9475615
tt15746144	\N	\N
tt15746146	nm3594372,nm3938166	nm3594372,nm3938166,nm2348919,nm5088986,nm7452931,nm12389124
tt15746148	nm3938166,nm3594372	nm3594372,nm3938166,nm2348919,nm5088986,nm7452931,nm12389124
tt15746150	nm3594372,nm3938166	nm3594372,nm3938166,nm2348919,nm5088986,nm7452931,nm12389124
tt15746152	nm4985554	nm3083696,nm2194186,nm4985554,nm3994696,nm4056747
tt15746154	nm3938166,nm3594372	nm3594372,nm3938166,nm2348919,nm5088986,nm7452931,nm12389124
tt15746156	nm6300580	\N
tt15746160	\N	\N
tt15746166	\N	\N
tt15746168	nm4367080	\N
tt15746170	\N	\N
tt15746172	\N	nm4100045,nm4099768,nm0435932,nm4384815,nm3446079,nm5285101,nm4193676,nm6944005,nm8555372,nm4042791
tt15746174	nm1846106	nm1846106
tt15746176	\N	\N
tt15746178	nm12933950	nm12933950
tt15746180	nm11900687	nm11900687
tt15746182	nm4985554	nm3083696,nm2194186,nm4985554,nm3994696,nm4056747
tt15746184	\N	\N
tt15746186	\N	\N
tt15746188	nm10102472	nm10102472
tt15746190	nm3322976	nm9766428
tt15746192	nm0355285	nm0937725,nm0149669,nm1631709,nm0500329,nm0552588,nm2336731
tt15746194	nm9151444	nm9151444
tt15746196	nm4449173	nm3965943,nm4449173
tt15746200	nm0066875	\N
tt15746202	nm0066875	\N
tt15746206	nm0066875	\N
tt15746210	nm0066875	\N
tt15746212	nm0066875	\N
tt15746214	nm0066875	\N
tt15746216	nm4985554	nm3083696,nm2194186,nm4985554,nm3994696,nm4056747
tt15746218	nm0066875	\N
tt15746220	nm0066875	\N
tt15746224	nm0066875	\N
tt15746226	nm0066875	\N
tt15746228	nm0066875	\N
tt15746230	nm0066875	\N
tt15746232	nm0066875	\N
tt15746234	nm0066875	\N
tt15746236	\N	\N
tt15746238	\N	\N
tt15746240	nm0066875	\N
tt15746242	nm0066875	\N
tt15746244	nm0066875	\N
tt15746246	nm1375804,nm1691930	\N
tt15746248	nm0066875	\N
tt15746250	\N	\N
tt15746252	nm0066875	\N
tt15746254	nm0066875	\N
tt15746256	nm9870224	\N
tt15746258	nm0066875	\N
tt15746260	\N	\N
tt15746262	nm0066875	\N
tt15746264	nm0066875	\N
tt15746266	nm3154762	nm3154762
tt15746268	nm0066875	\N
tt15746270	nm0066875	\N
tt15746272	nm0066875	\N
tt15746274	nm0066875	\N
tt15746276	nm0066875	\N
tt15746278	nm0066875	\N
tt15746280	nm10022395	nm10022395
tt15746282	nm0066875	\N
tt15746284	nm0066875	\N
tt15746288	\N	\N
tt15746290	nm0066875	\N
tt15746292	nm0066875	\N
tt15746294	nm0066875	\N
tt15746296	nm0066875	\N
tt15746298	nm0066875	\N
tt15746300	nm0066875	\N
tt15746302	nm0066875	\N
tt15746304	nm0066875	\N
tt15746306	nm0066875	\N
tt15746308	nm0066875	\N
tt15746310	\N	\N
tt15746312	\N	\N
tt15746316	nm0066875	\N
tt15746318	nm0066875	\N
tt15746320	nm9698574	nm5486452
tt15746322	nm0066875	\N
tt15746324	nm0066875	\N
tt15746382	nm0066875	\N
tt15746384	\N	nm2847794,nm2847854
tt15746386	nm0066875	\N
tt15746388	nm0066875	\N
tt15746392	nm0066875	\N
tt15746394	nm0066875	\N
tt15746396	nm0066875	\N
tt15746398	nm0066875	\N
tt15746400	nm0066875	\N
tt15746402	nm0066875	\N
tt15746406	nm0066875	\N
tt15746408	nm0066875	\N
tt15746410	nm0066875	\N
tt15746412	nm0066875	\N
tt15746414	nm0066875	\N
tt15746416	nm0066875	\N
tt15746420	nm0066875	\N
tt15746422	nm0066875	\N
tt15746424	\N	nm13050283
tt15746426	nm0066875	\N
tt15746428	nm0066875	\N
tt15746430	nm4985554	nm3083696,nm2194186,nm4985554,nm3994696,nm4056747
tt15746432	nm0066875	\N
tt15746434	nm0066875	\N
tt15746436	\N	\N
tt15746438	\N	nm1179654
tt15746440	nm3675634	nm3675634
tt15746442	nm12970981,nm12970980	nm12970980,nm12970981
tt15746444	\N	nm0725984
tt15746448	nm2376957	nm2376957
tt15746450	\N	\N
tt15746452	nm13056232	nm13056232
tt15746454	\N	nm12963307
tt15746470	\N	nm12963307
tt15746472	\N	\N
tt15746476	nm7199499	nm7199499,nm7199500
tt15746478	\N	\N
tt15746480	\N	\N
tt15746482	\N	nm12963307
tt15746486	\N	\N
tt15746488	nm0757084	nm7393344
tt15746490	\N	\N
tt15746492	nm13056255	nm3667509
tt15746494	\N	\N
tt15746496	nm0066875	\N
tt15746498	\N	\N
tt15746500	nm0066875	\N
tt15746504	nm0066875	\N
tt15746506	nm0066875	\N
tt15746508	nm0066875	\N
tt15746510	nm11387389	nm11387389
tt15746522	nm0066875	\N
tt15746524	nm0066875	\N
tt15746526	nm0066875	\N
tt15746528	nm0066875	\N
tt15746530	nm0066875	\N
tt15746532	nm0066875	\N
tt15746534	\N	\N
tt15746536	nm0066875	\N
tt15746538	nm0066875	\N
tt15746542	nm0066875	\N
tt15746544	nm10240289	nm12055936
tt15746546	nm0066875	\N
tt15746548	nm0066875	\N
tt15746550	nm0066875	\N
tt15746552	nm0066875	\N
tt15746554	nm1310533,nm4504827	nm1760167,nm0405982,nm1898906,nm4504827,nm4112894,nm3475978,nm1848790
tt15746556	nm0066875	\N
tt15746558	nm0066875	\N
tt15746560	\N	\N
tt15746562	nm0066875	\N
tt15746564	nm0066875	\N
tt15746566	\N	\N
tt15746568	nm0066875	\N
tt15746570	nm0066875	\N
tt15746572	nm0066875	\N
tt15746574	nm0066875	\N
tt15746576	nm0066875	\N
tt15746578	nm0066875	\N
tt15746580	\N	\N
tt15746582	\N	\N
tt15746586	nm0066875	\N
tt15746588	\N	\N
tt15746590	nm0066875	\N
tt15746592	nm12542720	nm13056275
tt15746596	nm0066875	\N
tt15746598	nm12970980,nm12970981	nm12970981
tt15746600	\N	\N
tt15746602	\N	\N
tt15746616	\N	\N
tt15746618	\N	\N
tt15746620	\N	\N
tt15746622	\N	\N
tt15746624	\N	\N
tt15746626	\N	\N
tt15746628	\N	\N
tt15746630	nm13056289,nm3660530	nm3660530,nm13056289
tt15746632	\N	\N
tt15746634	\N	\N
tt15746640	\N	nm2353686
tt15746644	\N	\N
tt15746646	\N	\N
tt15746648	\N	\N
tt15746650	\N	\N
tt15746652	\N	\N
tt15746654	nm1402433	nm5048623,nm8412239,nm2982003,nm8608084
tt15746656	\N	\N
tt15746658	\N	\N
tt15746660	\N	\N
tt15746664	nm13056308	\N
tt15746668	nm2268014,nm5456409,nm6456211	nm12867705,nm13115318
tt15746670	nm3442154	\N
tt15746672	nm5651436	nm5651436
tt15746674	nm2970845	nm0099039,nm2970845
tt15746676	nm0597476	nm6864727,nm2854390,nm13056321,nm8642414,nm13056320
tt15746682	nm12077297	nm12077297
tt15746684	\N	\N
tt15746686	\N	\N
tt15746688	\N	\N
tt15746690	\N	\N
tt15746692	\N	\N
tt15746694	\N	\N
tt15746696	\N	\N
tt15746698	\N	\N
tt15746700	\N	\N
tt15746704	nm10798519	nm13056338
tt15746706	nm4593258	nm4593258
tt15746708	\N	\N
tt15746710	\N	\N
tt15746712	\N	\N
tt15746714	\N	\N
tt15746716	\N	\N
tt15746718	\N	\N
tt15746720	\N	\N
tt15746722	\N	\N
tt15746724	nm0597476	nm0175113,nm13056343,nm0597476
tt15746726	\N	\N
tt15746728	\N	\N
tt15746730	nm0457828	nm0295405,nm6404586,nm5791691,nm3162595,nm1894117,nm9266560
tt15746732	nm13056344	nm13056344
tt15746734	\N	\N
tt15746736	\N	\N
tt15746738	nm0227800	\N
tt15746740	\N	\N
tt15746742	\N	\N
tt15746744	\N	\N
tt15746746	\N	\N
tt15746748	\N	\N
tt15746750	\N	\N
tt15746752	\N	\N
tt15746754	\N	\N
tt15746758	\N	\N
tt15746760	\N	\N
tt15746762	\N	\N
tt15746764	\N	\N
tt15746766	\N	\N
tt15746768	\N	\N
tt15746770	\N	\N
tt15746772	\N	nm9128198
tt15746774	\N	\N
tt15746776	\N	\N
tt15746778	\N	\N
tt15746784	\N	\N
tt15746790	\N	\N
tt15746792	\N	\N
tt15746794	\N	\N
tt15746796	\N	\N
tt15746798	nm0203976	nm0291515
tt15746800	\N	\N
tt15746804	\N	\N
tt15746806	nm5757355	nm2158873,nm7549813
tt15746808	\N	\N
tt15746810	\N	\N
tt15746814	\N	\N
tt15746816	\N	\N
tt15746818	\N	\N
tt15746820	\N	\N
tt15746822	\N	\N
tt15746824	\N	\N
tt15746826	nm0944047	nm4804614,nm0944047
tt15746828	\N	\N
tt15746830	\N	\N
tt15746832	nm4813513	nm2777808,nm7245194,nm8825435
tt15746834	\N	\N
tt15746836	\N	\N
tt15746838	\N	\N
tt15746840	\N	\N
tt15746842	nm13056379,nm2577368	nm2577368
tt15746844	\N	\N
tt15746846	nm4813513	nm2777808,nm9714496,nm7245194,nm8825435
tt15746848	\N	\N
tt15746850	nm4813513	nm2777808,nm7245194,nm8825435
tt15746852	\N	\N
tt15746854	\N	\N
tt15746856	\N	\N
tt15746858	nm4813513	nm2777808,nm7245194,nm8825435
tt15746860	\N	\N
tt15746862	nm4813513	nm2777808,nm7245194,nm8825435
tt15746864	\N	\N
tt15746866	\N	\N
tt15746868	nm11730797	\N
tt15746870	\N	\N
tt15746872	\N	\N
tt15746874	\N	\N
tt15746876	\N	\N
tt15746878	\N	\N
tt15746880	\N	\N
tt15746882	\N	\N
tt15746884	nm4813513	nm2777808,nm9714496,nm7245194,nm8825435
tt15746886	nm4813513	nm2777808,nm7245194,nm8825435,nm12746430
tt15746888	nm4813513	nm2777808,nm7245194,nm8825435
tt15746890	nm0400589	nm1158659
tt15746892	nm4813513	nm2777808,nm7245194,nm8825435,nm12746430
tt15746894	nm4813513	nm2777808,nm9714496,nm7245194,nm8825435
tt15746896	\N	nm2089408,nm12599555
tt15746900	nm4813513	nm2777808,nm9714496,nm7245194,nm8825435
tt15746902	nm13056392	\N
tt15746904	nm0269908	nm3074199
tt15746906	\N	\N
tt15746908	\N	\N
tt15746910	\N	\N
tt15746912	\N	\N
tt15746914	\N	\N
tt15746916	\N	\N
tt15746918	\N	\N
tt15746920	nm1994457	nm1994457
tt15746922	nm4974384	nm2916844,nm4974384
tt15746924	nm0818472,nm3017683	nm12426212,nm12587147,nm0372935
tt15746926	nm1994457	nm1994457
tt15746928	nm0269908	nm2571024
tt15746930	nm0818472,nm3017683	nm5674756,nm12587147,nm0372935
tt15746932	nm4083131	\N
tt15746936	\N	\N
tt15746938	nm3017683,nm0818472	nm12587147,nm10099523,nm0372935
tt15746940	nm7034562	nm7034562
tt15746942	nm9711645	nm9711645
tt15746944	nm3017683,nm0818472	nm5674756,nm12587147,nm0372935
tt15746946	\N	\N
tt15746948	\N	nm10250537
tt15746950	\N	\N
tt15746952	\N	\N
tt15746954	\N	\N
tt15746956	\N	\N
tt15746958	\N	\N
tt15746960	nm4569538	\N
tt15746962	\N	\N
tt15746964	\N	\N
tt15746966	\N	nm2089408,nm12599555
tt15746968	\N	nm13056446
tt15746970	nm12854113	\N
tt15746972	\N	\N
tt15746974	nm9711645	nm9711645
tt15746976	\N	\N
tt15746978	\N	nm2089408,nm12599555
tt15746980	nm10783129	nm3778557,nm13056480,nm13056479,nm3278883
tt15746984	nm12830119	\N
tt15746986	nm11260004	\N
tt15746988	\N	\N
tt15746990	nm4763959	nm4763959
tt15746992	\N	\N
tt15746994	\N	\N
tt15746996	\N	\N
tt15746998	\N	nm1702232
tt15747000	\N	\N
tt15747002	nm13056493	nm13056494
tt15747004	nm7464936	\N
tt15747006	\N	\N
tt15747008	\N	\N
tt15747010	\N	\N
tt15747012	\N	\N
tt15747014	\N	\N
tt15747016	nm13056495	\N
tt15747018	\N	\N
tt15747020	nm2638398	nm2638398
tt15747026	\N	\N
tt15747028	\N	\N
tt15747030	nm7844879	nm7844879
tt15747032	\N	\N
tt15747034	\N	\N
tt15747036	\N	\N
tt15747038	\N	\N
tt15747040	\N	\N
tt15747042	nm8208564	nm8208564,nm3404155,nm3287187
tt15747046	nm7624245	nm12302052
tt15747048	\N	nm5929513
tt15747050	nm0941276	nm2630745,nm9586973,nm6243637,nm9001372
tt15747052	nm4360960	\N
tt15747054	nm3286970	nm2630745,nm6243637,nm9001372
tt15747056	nm10897625	nm10897625
tt15747058	\N	\N
tt15747062	\N	nm13094916
tt15747064	\N	\N
tt15747066	\N	\N
tt15747068	nm12196389	nm12972141
tt15747070	\N	nm13094916
tt15747072	\N	nm13094916
tt15747074	\N	\N
tt15747076	nm0069548	\N
tt15747078	\N	nm13094916
tt15747082	\N	nm13094916
tt15747084	\N	\N
tt15747086	\N	\N
tt15747088	\N	\N
tt15747090	\N	nm13094916
tt15747092	\N	\N
tt15747094	\N	\N
tt15747096	\N	\N
tt15747098	\N	\N
tt15747100	\N	\N
tt15747102	\N	\N
tt15747104	\N	\N
tt15747106	\N	\N
tt15747108	\N	\N
tt15747110	\N	nm13094916
tt15747112	nm1043749	\N
tt15747114	\N	\N
tt15747116	\N	\N
tt15747118	\N	\N
tt15747120	nm0482413,nm1375185	nm0422988,nm3856372
tt15747122	\N	nm3762156
tt15747124	\N	\N
tt15747126	\N	\N
tt15747128	\N	\N
tt15747130	nm4912430	nm4912430
tt15747132	\N	\N
tt15747134	\N	\N
tt15747138	\N	\N
tt15747144	\N	\N
tt15747150	\N	\N
tt15747152	\N	\N
tt15747154	\N	\N
tt15747156	\N	nm0248012
tt15747158	nm10295107	\N
tt15747160	\N	\N
tt15747162	nm1672195,nm0398719,nm2034409	nm10029146,nm1500863
tt15747164	\N	\N
tt15747166	nm5442840	nm5442840
tt15747170	\N	\N
tt15747172	\N	\N
tt15747174	\N	\N
tt15747176	nm1637785	\N
tt15747178	nm2007278,nm4389150	\N
tt15747180	nm2034409,nm0398719,nm1672195	nm10029146,nm1500863
tt15747182	nm2034409,nm0398719,nm1672195	nm10029146,nm1500863
tt15747184	nm5442840	nm5442840
tt15747186	nm3519173	nm13059099,nm1319496,nm9888481
tt15747188	nm4442972	nm3669497
tt15747190	nm1672195,nm0398719,nm2034409	nm10029146,nm1500863
tt15747192	nm1319496,nm9888481	nm1319496,nm9888481,nm6468622
tt15747194	nm9888481,nm1319496	nm1319496,nm3386600,nm9888481
tt15747196	\N	nm0404163,nm1319496,nm0993242,nm9888481
tt15747198	nm1319496,nm9888481	nm1319496,nm2042029,nm9888481
tt15747200	nm13056651	\N
tt15747202	nm9683539	nm13059132,nm1319496,nm9888481
tt15747204	\N	nm1319496,nm4269456,nm9888481
tt15747206	\N	nm1058766,nm1319496,nm9888481
tt15747208	nm1310723	nm12547832,nm1319496,nm9888481
tt15747210	nm2762291	nm4985956,nm2574246
tt15747212	\N	nm3669934,nm1319496,nm9888481
tt15747214	\N	nm6296090,nm1319496,nm9888481
tt15747216	nm2164306	nm13227386
tt15747218	nm3987673	nm1319496,nm3383422,nm9888481
tt15747220	\N	nm0220906,nm1319496,nm9888481
tt15747222	\N	nm1319496,nm10081735,nm9888481
tt15747224	\N	nm13059179,nm1319496,nm9888481
tt15747226	nm2164306	nm13227386
tt15747228	nm1117318	nm1319496,nm5631374,nm9888481
tt15747230	nm5015754	nm9379138,nm1319496,nm9888481
tt15747232	nm10295107	\N
tt15747234	\N	nm1319496,nm1361843,nm9888481
tt15747236	\N	nm11385578,nm1319496,nm9888481
tt15747238	\N	nm1319496,nm6451641,nm9888481
tt15747240	\N	nm1319496,nm1198529,nm9888481
tt15747242	\N	nm2196537,nm1319496,nm9888481
tt15747244	nm2164306	nm13227386
tt15747246	\N	nm1319496,nm7943224,nm9888481
tt15747248	\N	nm1319496,nm10724955,nm9888481
tt15747250	nm0094789	nm1319496,nm9888481
tt15747252	nm2164306	nm13227386
tt15747254	nm10410213	nm13056704,nm13056705
tt15747256	\N	\N
tt15747258	\N	\N
tt15747260	\N	\N
tt15747264	\N	\N
tt15747266	nm13056709	nm13056714
tt15747268	\N	\N
tt15747270	nm2418407	nm2418407,nm2738783
tt15747272	\N	\N
tt15747274	\N	\N
tt15747276	nm13056717	nm13056717
tt15747278	nm0746889	nm0746889
tt15747280	nm13055479	\N
tt15747284	\N	\N
tt15747286	\N	\N
tt15747290	\N	\N
tt15747292	nm0173020	\N
tt15747294	\N	\N
tt15747296	\N	\N
tt15747298	nm13056732,nm2986060	nm0705828
tt15747300	\N	\N
tt15747302	\N	\N
tt15747304	\N	\N
tt15747306	\N	\N
tt15747308	\N	\N
tt15747312	\N	\N
tt15747314	nm13056736	nm13056736
tt15747316	\N	\N
tt15747318	nm4579836	nm4579836
tt15747320	\N	\N
tt15747322	nm1729447	nm4342198
tt15747324	\N	\N
tt15747326	\N	\N
tt15747328	nm12024511	nm12024511
tt15747330	\N	\N
tt15747332	nm4525788	nm9256349,nm4554639
tt15747334	\N	\N
tt15747336	nm13056345	nm13056345
tt15747338	nm1754477	\N
tt15747340	\N	\N
tt15747342	\N	\N
tt15747344	nm1754477	\N
tt15747346	\N	\N
tt15747348	nm1754477	\N
tt15747350	\N	\N
tt15747352	nm0501365	nm0501365
tt15747354	\N	\N
tt15747358	\N	\N
tt15747360	nm9728503	nm13056761
tt15747362	nm7313764	nm12166835,nm7313764
tt15747364	nm5530308	nm5530308,nm9830311
tt15747366	nm0754351	nm13056775
tt15747368	\N	\N
tt15747370	\N	\N
tt15747372	\N	\N
tt15747374	nm11682416	\N
tt15747378	nm1848223	nm1848223
tt15747386	\N	\N
tt15747388	nm4266887	nm4266887
tt15747390	\N	\N
tt15747394	\N	\N
tt15747396	\N	\N
tt15747398	\N	\N
tt15747400	\N	\N
tt15747402	\N	\N
tt15747404	\N	\N
tt15747406	\N	\N
tt15747408	\N	\N
tt15747410	\N	\N
tt15747412	\N	\N
tt15747414	nm8789238,nm0284576	\N
tt15747416	\N	\N
tt15747420	\N	\N
tt15747432	nm13056807	\N
tt15747434	\N	\N
tt15747436	nm1890587	\N
tt15747438	nm1890587	\N
tt15747440	nm1890587	\N
tt15747442	nm1890587	\N
tt15747444	nm1890587	\N
tt15747446	nm1890587	\N
tt15747448	nm1890587	\N
tt15747450	nm1890587	\N
tt15747452	\N	nm5877144,nm7379827,nm2282593,nm5672162,nm9485376
tt15747454	nm2725426	\N
tt15747458	\N	\N
tt15747460	\N	\N
tt15747464	\N	\N
tt15747468	nm3588588	nm3588588
tt15747472	\N	\N
tt15747474	\N	\N
tt15747476	nm0689430	\N
tt15747478	\N	\N
tt15747480	\N	\N
tt15747482	\N	\N
tt15747484	\N	\N
tt15747486	\N	\N
tt15747488	\N	\N
tt15747490	\N	\N
tt15747492	\N	\N
tt15747494	\N	\N
tt15747496	\N	\N
tt15747498	\N	\N
tt15747500	\N	\N
tt15747502	nm12377358	nm12377358
tt15747504	\N	\N
tt15747506	\N	\N
tt15747508	\N	\N
tt15747510	\N	\N
tt15747512	\N	\N
tt15747514	\N	\N
tt15747516	\N	\N
tt15747518	\N	\N
tt15747520	nm13056843	nm13056843
tt15747522	\N	\N
tt15747524	\N	\N
tt15747526	\N	\N
tt15747528	\N	\N
tt15747530	\N	\N
tt15747532	\N	\N
tt15747534	\N	\N
tt15747536	\N	\N
tt15747538	nm13057915	nm13056885
tt15747540	\N	\N
tt15747542	\N	\N
tt15747544	\N	\N
tt15747546	\N	\N
tt15747548	\N	\N
tt15747550	nm1494429	\N
tt15747552	\N	\N
tt15747554	\N	\N
tt15747556	\N	\N
tt15747558	\N	\N
tt15747560	\N	nm0454909
tt15747562	\N	nm0454909
tt15747564	\N	nm0454909
tt15747566	\N	nm0454909
tt15747568	\N	nm0454909
tt15747570	\N	nm0454909
tt15747572	\N	nm0454909
tt15747574	\N	nm0454909
tt15747576	\N	nm1446464
tt15747578	nm10400693	nm10400693
tt15747580	nm4445043,nm0024063,nm0576968,nm1776522	nm5043763,nm2056369,nm2043312,nm2773785,nm10713415
tt15747582	\N	\N
tt15747584	nm0314358	nm0047823,nm0314358,nm5726584,nm7320380
tt15747586	nm0024063,nm0576968,nm1776522,nm4445043	nm5043763,nm2056369,nm2043312,nm2773785,nm10713415
tt15747588	\N	\N
tt15747590	nm0509554	\N
tt15747592	\N	\N
tt15747594	\N	\N
tt15747596	\N	\N
tt15747598	\N	\N
tt15747600	\N	\N
tt15747604	\N	\N
tt15747606	nm4445043,nm1776522,nm0576968,nm0024063	nm5043763,nm2056369,nm2043312,nm2773785,nm10713415
tt15747608	\N	\N
tt15747610	\N	\N
tt15747612	nm7787537	nm8850158
tt15747616	\N	\N
tt15747618	\N	\N
tt15747620	\N	\N
tt15747622	nm0021199	\N
tt15747624	\N	\N
tt15747626	nm13056927	nm13056927
tt15747628	\N	\N
tt15747630	\N	\N
tt15747632	nm1300082	nm10708310,nm8837382,nm0410655
tt15747634	nm13056717	nm12941301,nm13056717
tt15747638	nm3490812	\N
tt15747642	nm1494429	\N
tt15747644	nm2544856	nm4701016,nm0236512,nm5858172,nm1529580
tt15747646	nm2544856	nm4701016,nm0236512,nm5858172,nm1529580
tt15747648	nm2544856	nm4701016,nm0236512,nm5858172,nm1529580
tt15747652	nm2544856	nm4701016,nm0236512,nm5858172,nm1529580
tt15747654	nm2544856	nm4701016,nm0236512,nm5858172,nm1529580
tt15747656	nm2544856	nm4701016,nm0236512,nm5858172,nm1529580
tt15747658	nm2544856	nm4701016,nm0236512,nm5858172,nm1529580
tt15747660	nm2544856	nm4701016,nm0236512,nm5858172,nm1529580
tt15747662	\N	\N
tt15747664	nm0297239	\N
tt15747666	nm2544856	nm4701016,nm0236512,nm5858172,nm1529580
tt15747668	nm0297239	\N
tt15747670	nm2544856	nm4701016,nm0236512,nm5858172,nm1529580
tt15747672	nm2544856	nm4701016,nm0236512,nm5858172,nm1529580
tt15747674	nm2544856	nm4701016,nm0236512,nm5858172,nm1529580
tt15747676	nm2544856	nm4701016,nm0236512,nm5858172,nm1529580
tt15747678	nm2544856	nm4701016,nm0236512,nm5858172,nm1529580
tt15747680	nm2544856	nm4701016,nm0236512,nm5858172,nm1529580
tt15747682	nm2544856	nm4701016,nm0236512,nm5858172,nm1529580
tt15747684	\N	\N
tt15747688	\N	\N
tt15747690	\N	\N
tt15747692	\N	\N
tt15747694	\N	\N
tt15747696	\N	\N
tt15747700	\N	\N
tt15747704	\N	\N
tt15747706	\N	\N
tt15747708	\N	\N
tt15747714	\N	\N
tt15747718	\N	\N
tt15747722	\N	\N
tt15747724	\N	\N
tt15747726	\N	\N
tt15747728	\N	\N
tt15747730	\N	\N
tt15747732	\N	\N
tt15747734	\N	\N
tt15747736	\N	\N
tt15747738	nm2544856	nm4701016,nm0236512,nm5858172,nm1529580
tt15747740	nm0784742	nm0142404,nm9215926,nm2886744,nm0784742
tt15747742	\N	\N
tt15747744	nm2544856	nm4701016,nm0236512,nm5858172,nm1529580
tt15747746	nm2544856	nm4701016,nm0236512,nm5858172,nm1529580
tt15747748	\N	\N
tt15747750	nm2544856	nm4701016,nm0236512,nm5858172,nm1529580
tt15747752	nm9050426	nm9050426,nm0001168
tt15747754	\N	\N
tt15747756	\N	\N
tt15747758	nm2544856	nm4701016,nm0236512,nm5858172,nm1529580
tt15747760	nm2544856	nm4701016,nm0236512,nm5858172,nm1529580
tt15747762	nm2544856	nm4701016,nm0236512,nm5858172,nm1529580
tt15747764	nm2544856	nm4701016,nm0236512,nm5858172,nm1529580
tt15747766	nm2544856	nm4701016,nm0236512,nm5858172,nm1529580
tt15747768	nm2544856	nm4701016,nm0236512,nm5858172,nm1529580
tt15747770	nm2544856	nm4701016,nm0236512,nm5858172,nm1529580
tt15747772	nm2544856	nm4701016,nm0236512,nm5858172,nm1529580
tt15747774	nm2544856	nm4701016,nm0236512,nm5858172,nm1529580
tt15747776	nm2544856	nm4701016,nm0236512,nm5858172,nm1529580
tt15747778	nm2544856	nm4701016,nm0236512,nm5858172,nm1529580
tt15747780	nm13056962	nm13056962
tt15747782	nm2544856	nm4701016,nm0236512,nm5858172,nm1529580
tt15747784	nm2544856	nm4701016,nm0236512,nm5858172,nm1529580
tt15747786	nm2544856	nm4701016,nm0236512,nm5858172,nm1529580
tt15747788	nm2544856	nm4701016,nm0236512,nm5858172,nm1529580
tt15747790	nm2544856	nm4701016,nm0236512,nm5858172,nm1529580
tt15747792	nm2544856	nm4701016,nm0236512,nm5858172,nm1529580
tt15747794	nm2544856	nm4701016,nm0236512,nm5858172,nm1529580
tt15747796	nm2544856	nm4701016,nm0236512,nm5858172,nm1529580
tt15747798	nm2544856	nm4701016,nm0236512,nm5858172,nm1529580
tt15747800	nm2544856	nm4701016,nm0236512,nm5858172,nm1529580
tt15747802	nm2544856	nm4701016,nm0236512,nm5858172,nm1529580
tt15747804	nm2544856	nm4701016,nm0236512,nm5858172,nm1529580
tt15747806	nm2544856	nm4701016,nm0236512,nm5858172,nm1529580
tt15747808	nm2544856	nm4701016,nm0236512,nm5858172,nm1529580
tt15747810	nm2544856	nm4701016,nm0236512,nm5858172,nm1529580
tt15747812	nm2544856	nm4701016,nm0236512,nm5858172,nm1529580
tt15747814	nm2544856	nm4701016,nm0236512,nm5858172,nm1529580
tt15747816	\N	\N
tt15747818	nm2544856	nm4701016,nm0236512,nm5858172,nm1529580
tt15747820	nm2544856	nm4701016,nm0236512,nm5858172,nm1529580
tt15747822	\N	\N
tt15747824	nm2544856	nm4701016,nm0236512,nm5858172,nm1529580
tt15747826	nm2544856	nm4701016,nm0236512,nm5858172,nm1529580
tt15747828	nm2544856	nm4701016,nm0236512,nm5858172,nm1529580
tt15747830	nm2544856	nm4701016,nm0236512,nm5858172,nm1529580
tt15747832	nm2544856	nm4701016,nm0236512,nm5858172,nm1529580
tt15747834	nm2544856	nm4701016,nm0236512,nm5858172,nm1529580
tt15747836	nm2544856	nm4701016,nm0236512,nm5858172,nm1529580
tt15747838	nm2544856	nm4701016,nm0236512,nm5858172,nm1529580
tt15747840	nm2544856	nm4701016,nm0236512,nm5858172,nm1529580
tt15747842	nm2544856	nm4701016,nm0236512,nm5858172,nm1529580
tt15747844	nm2544856	nm4701016,nm0236512,nm5858172,nm1529580
tt15747846	nm2544856	nm4701016,nm0236512,nm5858172,nm1529580
tt15747848	\N	\N
tt15747850	nm2544856	nm4701016,nm0236512,nm5858172,nm1529580
tt15747852	nm2544856	nm4701016,nm0236512,nm5858172,nm1529580
tt15747854	\N	nm1446464
tt15747856	nm2544856	nm4701016,nm0236512,nm5858172,nm1529580
tt15747860	nm2544856	nm4701016,nm0236512,nm5858172,nm1529580
tt15747862	nm2544856	nm4701016,nm0236512,nm5858172,nm1529580
tt15747864	nm2544856	nm4701016,nm0236512,nm5858172,nm1529580
tt15747866	nm2544856	nm4701016,nm0236512,nm5858172,nm1529580
tt15747868	nm2544856	nm4701016,nm0236512,nm5858172,nm1529580
tt15747870	nm2544856	nm4701016,nm0236512,nm5858172,nm1529580
tt15747872	nm2544856	nm4701016,nm0236512,nm5858172,nm1529580
tt15747874	nm2544856	nm4701016,nm0236512,nm5858172,nm1529580
tt15747876	nm2544856	nm4701016,nm0236512,nm5858172,nm1529580
tt15747878	nm2544856	nm4701016,nm0236512,nm5858172,nm1529580
tt15747880	nm2544856	nm4701016,nm0236512,nm5858172,nm1529580
tt15747882	nm2544856	nm4701016,nm0236512,nm5858172,nm1529580
tt15747884	nm2544856	nm4701016,nm0236512,nm5858172,nm1529580
tt15747886	nm0598173	nm0673502
tt15747888	nm0598173	nm0673502
tt15747890	nm0598173	nm0673502
tt15747892	nm0598173	nm0673502
tt15747894	nm0598173	nm0673502
tt15747896	nm0598173	nm0673502
tt15747898	nm0598173	nm0673502
tt15747900	nm0598173	nm0673502
tt15747902	nm0598173	nm0673502
tt15747904	\N	\N
tt15747906	nm0598173	nm0673502
tt15747908	nm0598173	nm0673502
tt15747910	\N	nm9626215
tt15747912	nm0598173	nm0673502
tt15747914	nm0598173	nm0673502
tt15747916	nm0598173	nm0673502
tt15747918	nm0598173	nm0673502
tt15747920	nm0598173	nm0673502
tt15747922	nm0598173	nm0673502
tt15747924	nm0598173	nm0673502
tt15747926	nm0598173	nm0673502
tt15747928	nm0598173	nm0673502
tt15747930	nm5262331	nm12950608,nm12950610,nm12950607,nm5262331,nm12950609,nm11578254
tt15747932	nm5262331	nm12950608,nm12950610,nm12950607,nm5262331,nm12950609,nm11578254
tt15747934	nm5262331	nm12950608,nm12950610,nm12950607,nm5262331,nm12950609,nm11578254
tt15747936	nm5262331	nm12950608,nm12950610,nm12950607,nm5262331,nm12950609,nm11578254
tt15747938	\N	\N
tt15747940	nm5262331	nm12950608,nm12950610,nm12950607,nm5262331,nm12950609,nm11578254
tt15747942	nm5262331	nm12950608,nm12950610,nm12950607,nm5262331,nm12950609,nm11578254
tt15747944	nm5262331	nm12950608,nm12950610,nm12950607,nm5262331,nm12950609,nm11578254
tt15747946	nm5262331	nm12950608,nm12950610,nm12950607,nm5262331,nm12950609,nm11578254
tt15747948	nm5262331	nm12950608,nm12950610,nm12950607,nm5262331,nm12950609,nm11578254
tt15747950	nm5262331	nm12950608,nm12950610,nm12950607,nm5262331,nm12950609,nm11578254
tt15747952	nm5262331	nm12950608,nm12950610,nm12950607,nm5262331,nm12950609,nm11578254
tt15747954	nm5262331	nm12950608,nm12950610,nm12950607,nm5262331,nm12950609,nm11578254
tt15747956	\N	\N
tt15747958	nm5262331	nm12950608,nm12950610,nm12950607,nm5262331,nm12950609,nm11578254
tt15747960	nm5262331	nm12950608,nm12950610,nm12950607,nm5262331,nm12950609,nm11578254
tt15747962	nm5262331	nm12950608,nm12950610,nm12950607,nm5262331,nm12950609,nm11578254
tt15747964	nm5262331	nm12950608,nm12950610,nm12950607,nm5262331,nm12950609,nm11578254
tt15747966	\N	\N
tt15747968	nm5262331	nm12950608,nm12950610,nm12950607,nm5262331,nm12950609,nm11578254
tt15747970	nm5262331	nm12950608,nm12950610,nm12950607,nm5262331,nm12950609,nm11578254
tt15747972	nm5262331	nm12950608,nm12950610,nm12950607,nm5262331,nm12950609,nm11578254
tt15747974	nm5262331	nm12950608,nm12950610,nm12950607,nm5262331,nm12950609,nm11578254
tt15747976	nm5262331	nm12950608,nm12950610,nm12950607,nm5262331,nm12950609,nm11578254
tt15747978	nm5262331	nm12950608,nm12950610,nm12950607,nm5262331,nm12950609,nm11578254
tt15747980	nm5262331	nm12950608,nm12950610,nm12950607,nm5262331,nm12950609,nm11578254
tt15747982	nm5262331	nm12950608,nm12950610,nm12950607,nm5262331,nm12950609,nm11578254
tt15747984	nm5262331	nm12950608,nm12950610,nm12950607,nm5262331,nm12950609,nm11578254
tt15747986	\N	\N
tt15747988	nm5262331	nm13179875,nm12950608,nm12950610,nm12950607,nm5262331,nm12950609,nm11578254
tt15747990	nm5262331	nm12950608,nm12950610,nm12950607,nm5262331,nm12950609,nm11578254
tt15747992	\N	\N
tt15747994	nm5262331	nm12950608,nm12950610,nm12950607,nm5262331,nm12950609,nm11578254
tt15747996	nm5262331	nm12950608,nm12950610,nm12950607,nm5262331,nm12950609,nm11578254
tt15747998	nm5262331	nm12950608,nm12950610,nm12950607,nm5262331,nm12950609,nm11578254
tt15748000	\N	\N
tt15748002	nm5262331	nm12950608,nm12950610,nm12950607,nm5262331,nm12950609,nm11578254
tt15748004	nm5262331	nm12950608,nm12950610,nm12950607,nm5262331,nm12950609,nm11578254
tt15748006	nm5262331	nm12950608,nm12950610,nm12950607,nm5262331,nm12950609,nm11578254
tt15748008	nm5262331	nm12950608,nm12950610,nm12950607,nm5262331,nm12950609,nm11578254
tt15748010	nm5262331	nm13179875,nm12950608,nm12950610,nm12950607,nm5262331,nm12950609,nm11578254
tt15748012	\N	\N
tt15748014	nm5262331	nm12950608,nm12950610,nm12950607,nm5262331,nm12950609,nm11578254
tt15748016	nm5262331	nm12950608,nm12950610,nm12950607,nm5262331,nm12950609,nm11578254
tt15748018	nm5262331	nm12950608,nm12950610,nm12950607,nm5262331,nm12950609,nm11578254
tt15748020	nm5262331	nm12950608,nm12950610,nm12950607,nm5262331,nm12950609,nm11578254
tt15748022	nm5262331	nm12950608,nm12950610,nm12950607,nm5262331,nm12950609,nm11578254
tt15748024	\N	nm1832674,nm2039838,nm0554241,nm0577579
tt15748026	\N	nm1832674,nm2039838,nm0554241,nm0577579
tt15748028	\N	nm1832674,nm2039838,nm0554241,nm0577579
tt15748030	\N	nm1832674,nm2039838,nm0554241,nm0577579
tt15748032	\N	nm1832674,nm2039838,nm0554241,nm0577579
tt15748034	\N	nm1832674,nm2039838,nm0554241,nm0577579
tt15748036	\N	nm1832674,nm2039838,nm0554241,nm0577579
tt15748038	\N	nm1832674,nm2039838,nm0554241,nm0577579
tt15748040	\N	\N
tt15748042	\N	nm1832674,nm2039838,nm0554241,nm0577579
tt15748044	\N	nm1832674,nm2039838,nm0554241,nm0577579
tt15748046	\N	\N
tt15748048	\N	nm1832674,nm2039838,nm0554241,nm0577579
tt15748050	\N	nm1832674,nm2039838,nm0554241,nm0577579
tt15748052	\N	\N
tt15748054	\N	nm1832674,nm2039838,nm0554241,nm0577579
tt15748056	\N	nm1832674,nm2039838,nm0554241,nm0577579
tt15748058	\N	nm1832674,nm2039838,nm0554241,nm0577579
tt15748060	\N	nm1832674,nm2039838,nm0554241,nm0577579
tt15748062	\N	nm1832674,nm2039838,nm0554241,nm0577579
tt15748064	\N	nm1832674,nm2039838,nm0554241,nm0577579
tt15748066	\N	nm1832674,nm2039838,nm0554241,nm0577579
tt15748068	\N	\N
tt15748070	\N	nm1832674,nm2039838,nm0554241,nm0577579
tt15748072	\N	nm1832674,nm2039838,nm0554241,nm0577579
tt15748074	\N	\N
tt15748076	\N	nm1832674,nm2039838,nm0554241,nm0577579
tt15748078	\N	nm1832674,nm2039838,nm0554241,nm0577579
tt15748080	\N	nm1832674,nm2039838,nm0554241,nm0577579
tt15748082	\N	\N
tt15748084	\N	nm1832674,nm2039838,nm0554241,nm0577579
tt15748086	\N	nm13028206
tt15748088	\N	nm1832674,nm2039838,nm0554241,nm0577579
tt15748090	\N	nm1832674,nm2039838,nm0554241,nm0577579
tt15748092	\N	nm1832674,nm2039838,nm0554241,nm0577579
tt15748094	\N	nm1832674,nm2039838,nm0554241,nm0577579
tt15748096	\N	nm1832674,nm2039838,nm0554241,nm0577579
tt15748098	\N	nm1832674,nm2039838,nm0554241,nm0577579
tt15748100	\N	nm1832674,nm2039838,nm0554241,nm0577579
tt15748102	\N	nm1832674,nm2039838,nm0554241,nm0577579
tt15748104	\N	nm1832674,nm2039838,nm0554241,nm0577579
tt15748106	\N	nm1832674,nm2039838,nm0554241,nm0577579
tt15748108	\N	nm1832674,nm2039838,nm0554241,nm0577579
tt15748110	\N	nm1832674,nm2039838,nm0554241,nm0577579
tt15748112	\N	nm1832674,nm2039838,nm0554241,nm0577579
tt15748114	\N	nm1832674,nm2039838,nm0554241,nm0577579
tt15748116	\N	nm1832674,nm2039838,nm0554241,nm0577579
tt15748118	nm10455742	nm0881418
tt15748120	\N	nm1832674,nm2039838,nm0554241,nm0577579
tt15748122	\N	nm1832674,nm2039838,nm0554241,nm0577579
tt15748124	\N	\N
tt15748126	\N	nm1832674,nm2039838,nm0554241,nm0577579
tt15748128	\N	nm1832674,nm2039838,nm0554241,nm0577579
tt15748130	\N	nm1832674,nm2039838,nm0554241,nm0577579
tt15748132	\N	nm1832674,nm2039838,nm0554241,nm0577579
tt15748134	\N	nm1832674,nm2039838,nm0554241,nm0577579
tt15748136	\N	nm1832674,nm2039838,nm0554241,nm0577579
tt15748138	\N	nm1832674,nm2039838,nm0554241,nm0577579
tt15748140	\N	nm1832674,nm2039838,nm0554241,nm0577579
tt15748142	\N	nm1832674,nm2039838,nm0554241,nm0577579
tt15748144	\N	nm1832674,nm2039838,nm0554241,nm0577579
tt15748146	\N	nm1832674,nm2039838,nm0554241,nm0577579
tt15748148	\N	nm1832674,nm2039838,nm0554241,nm0577579
tt15748150	\N	nm1832674,nm2039838,nm0554241,nm0577579
tt15748152	nm4993753	\N
tt15748154	\N	nm1832674,nm2039838,nm0554241,nm0577579
tt15748156	\N	nm1832674,nm2039838,nm0554241,nm0577579
tt15748158	\N	nm1832674,nm2039838,nm0554241,nm0577579
tt15748160	\N	nm1832674,nm2039838,nm0554241,nm0577579
tt15748162	\N	nm1832674,nm2039838,nm0554241,nm0577579
tt15748164	\N	\N
tt15748166	\N	nm1832674,nm2039838,nm0554241,nm0577579
tt15748168	\N	nm1832674,nm2039838,nm0554241,nm0577579
tt15748170	\N	nm1832674,nm2039838,nm0554241,nm0577579
tt15748172	\N	nm1832674,nm2039838,nm0554241,nm0577579
tt15748174	nm6485672	nm2878278
tt15748176	\N	nm1832674,nm2039838,nm0554241,nm0577579
tt15748178	\N	nm1832674,nm2039838,nm0554241,nm0577579
tt15748180	\N	nm1832674,nm2039838,nm0554241,nm0577579
tt15748182	\N	nm1832674,nm2039838,nm0554241,nm0577579
tt15748184	\N	nm1832674,nm2039838,nm0554241,nm0577579
tt15748186	\N	\N
tt15748188	\N	\N
tt15748190	nm0431908	nm1740771
tt15748192	\N	nm1832674,nm2039838,nm0554241,nm0577579
tt15748194	\N	nm1832674,nm2039838,nm0554241,nm0577579
tt15748196	\N	nm1832674,nm2039838,nm0554241,nm0577579
tt15748198	\N	\N
tt15748200	\N	nm1832674,nm2039838,nm0554241,nm0577579
tt15748202	nm0672436	nm6658766
tt15748204	\N	nm1832674,nm2039838,nm0554241,nm0577579
tt15748206	\N	nm1446464
tt15748208	\N	nm1832674,nm2039838,nm0554241,nm0577579
tt15748210	\N	\N
tt15748212	\N	nm1832674,nm2039838,nm0554241,nm0577579
tt15748214	\N	nm1832674,nm2039838,nm0554241,nm0577579
tt15748216	\N	nm1832674,nm2039838,nm0554241,nm0577579
tt15748218	\N	\N
tt15748220	\N	nm1832674,nm2039838,nm0554241,nm0577579
tt15748222	nm8348002	nm6658766
tt15748224	\N	nm1832674,nm2039838,nm0554241,nm0577579
tt15748226	\N	nm1832674,nm2039838,nm0554241,nm0577579
tt15748228	\N	nm1832674,nm2039838,nm0554241,nm0577579
tt15748230	\N	\N
tt15748234	\N	nm1832674,nm2039838,nm0554241,nm0577579
tt15748236	\N	nm1832674,nm2039838,nm0554241,nm0577579
tt15748238	\N	nm1832674,nm2039838,nm0554241,nm0577579
tt15748240	\N	nm1832674,nm2039838,nm0554241,nm0577579
tt15748242	\N	nm1832674,nm2039838,nm0554241,nm0577579
tt15748244	\N	nm1832674,nm2039838,nm0554241,nm0577579
tt15748246	\N	nm1832674,nm2039838,nm0554241,nm0577579
tt15748248	nm8062424	\N
tt15748250	\N	nm1832674,nm2039838,nm0554241,nm0577579
tt15748252	\N	nm1832674,nm2039838,nm0554241,nm0577579
tt15748254	\N	\N
tt15748256	\N	nm1832674,nm2039838,nm0554241,nm0577579
tt15748258	\N	nm1832674,nm2039838,nm0554241,nm0577579
tt15748260	\N	nm1832674,nm2039838,nm0554241,nm0577579
tt15748262	\N	nm1832674,nm2039838,nm0554241,nm0577579
tt15748266	\N	nm1832674,nm2039838,nm0554241,nm0577579
tt15748268	\N	nm1832674,nm2039838,nm0554241,nm0577579
tt15748270	\N	nm1832674,nm2039838,nm0554241,nm0577579
tt15748272	\N	nm1832674,nm2039838,nm0554241,nm0577579
tt15748274	\N	nm1832674,nm2039838,nm0554241,nm0577579
tt15748276	\N	\N
tt15748278	\N	nm1832674,nm2039838,nm0554241,nm0577579
tt15748280	\N	nm1832674,nm2039838,nm0554241,nm0577579
tt15748282	\N	nm1832674,nm2039838,nm0554241,nm0577579
tt15748284	\N	nm1832674,nm2039838,nm0554241,nm0577579
tt15748286	\N	nm1832674,nm2039838,nm0554241,nm0577579
tt15748288	\N	nm1832674,nm2039838,nm0554241,nm0577579
tt15748292	\N	nm1832674,nm2039838,nm0554241,nm0577579
tt15748294	\N	nm1832674,nm2039838,nm0554241,nm0577579
tt15748296	\N	\N
tt15748298	\N	nm1832674,nm2039838,nm0554241,nm0577579
tt15748300	\N	nm1832674,nm2039838,nm0554241,nm0577579
tt15748302	\N	nm1832674,nm2039838,nm0554241,nm0577579
tt15748304	\N	nm1832674,nm2039838,nm0554241,nm0577579
tt15748306	\N	nm1832674,nm2039838,nm0554241,nm0577579
tt15748308	\N	nm1832674,nm2039838,nm0554241,nm0577579
tt15748310	\N	nm1832674,nm2039838,nm0554241,nm0577579
tt15748312	\N	nm1832674,nm2039838,nm0554241,nm0577579
tt15748314	\N	nm1832674,nm2039838,nm0554241,nm0577579
tt15748316	\N	nm1832674,nm2039838,nm0554241,nm0577579
tt15748318	\N	nm1832674,nm2039838,nm0554241,nm0577579
tt15748322	\N	nm1832674,nm2039838,nm0554241,nm0577579
tt15748324	\N	\N
tt15748326	\N	nm1832674,nm2039838,nm0554241,nm0577579
tt15748328	\N	nm1832674,nm2039838,nm0554241,nm0577579
tt15748330	\N	nm1832674,nm2039838,nm0554241,nm0577579
tt15748332	\N	nm1832674,nm2039838,nm0554241,nm0577579
tt15748334	nm3254676,nm3396330	nm3254676,nm3396330
tt15748336	\N	nm1832674,nm2039838,nm0554241,nm0577579
tt15748338	\N	nm1832674,nm2039838,nm0554241,nm0577579
tt15748340	\N	nm1832674,nm2039838,nm0554241,nm0577579
tt15748342	\N	nm1832674,nm2039838,nm0554241,nm0577579
tt15748344	\N	nm1832674,nm2039838,nm0554241,nm0577579
tt15748346	\N	nm1832674,nm2039838,nm0554241,nm0577579
tt15748348	\N	\N
tt15748350	\N	nm1832674,nm2039838,nm0554241,nm0577579
tt15748352	nm12911143	\N
tt15748354	\N	\N
tt15748356	\N	\N
tt15748358	\N	\N
tt15748360	\N	nm1832674,nm2039838,nm0554241,nm0577579
tt15748362	\N	nm1832674,nm2039838,nm0554241,nm0577579
tt15748364	\N	nm1832674,nm2039838,nm0554241,nm0577579
tt15748366	\N	nm1832674,nm2039838,nm0554241,nm0577579
tt15748368	\N	nm1832674,nm2039838,nm0554241,nm0577579
tt15748370	\N	\N
tt15748372	\N	nm1832674,nm2039838,nm0554241,nm0577579
tt15748374	\N	\N
tt15748376	\N	nm1832674,nm2039838,nm0554241,nm0577579
tt15748378	\N	nm1832674,nm2039838,nm0554241,nm0577579
tt15748380	\N	nm1832674,nm2039838,nm0554241,nm0577579
tt15748382	nm4569474	nm4569474,nm8756210
tt15748384	\N	nm1832674,nm2039838,nm0554241,nm0577579
tt15748386	\N	nm1832674,nm2039838,nm0554241,nm0577579
tt15748388	\N	nm1832674,nm2039838,nm0554241,nm0577579
tt15748390	\N	\N
tt15748392	\N	nm1832674,nm2039838,nm0554241,nm0577579
tt15748394	\N	nm1832674,nm2039838,nm0554241,nm0577579
tt15748396	\N	nm1832674,nm2039838,nm0554241,nm0577579
tt15748398	\N	nm1832674,nm2039838,nm0554241,nm0577579
tt15748400	\N	nm1832674,nm2039838,nm0554241,nm0577579
tt15748402	\N	nm1832674,nm2039838,nm0554241,nm0577579
tt15748404	\N	nm1832674,nm2039838,nm0554241,nm0577579
tt15748406	\N	nm1832674,nm2039838,nm0554241,nm0577579
tt15748408	\N	nm1832674,nm2039838,nm0554241,nm0577579
tt15748410	\N	\N
tt15748412	\N	nm1832674,nm2039838,nm0554241,nm0577579
tt15748414	\N	nm1832674,nm2039838,nm0554241,nm0577579
tt15748416	\N	nm1832674,nm2039838,nm0554241,nm0577579
tt15748418	nm0105235	\N
tt15748420	\N	\N
tt15748422	\N	nm1832674,nm2039838,nm0554241,nm0577579
tt15748424	\N	nm1832674,nm2039838,nm0554241,nm0577579
tt15748426	\N	nm1832674,nm2039838,nm0554241,nm0577579
tt15748428	\N	nm1832674,nm2039838,nm0554241,nm0577579
tt15748430	\N	nm1832674,nm2039838,nm0554241,nm0577579
tt15748432	\N	nm1832674,nm2039838,nm0554241,nm0577579
tt15748436	\N	nm1832674,nm2039838,nm0554241,nm0577579
tt15748438	\N	nm1832674,nm2039838,nm0554241,nm0577579
tt15748440	\N	nm1832674,nm2039838,nm0554241,nm0577579
tt15748442	\N	nm1832674,nm2039838,nm0554241,nm0577579
tt15748446	\N	nm1832674,nm2039838,nm0554241,nm0577579
tt15748448	\N	nm1832674,nm2039838,nm0554241,nm0577579
tt15748450	\N	nm1832674,nm2039838,nm0554241,nm0577579
tt15748452	\N	nm1832674,nm2039838,nm0554241,nm0577579
tt15748454	\N	nm1832674,nm2039838,nm0554241,nm0577579
tt15748456	\N	nm1832674,nm2039838,nm0554241,nm0577579
tt15748458	\N	nm1832674,nm2039838,nm0554241,nm0577579
tt15748460	\N	nm1832674,nm2039838,nm0554241,nm0577579
tt15748462	\N	nm1832674,nm2039838,nm0554241,nm0577579
tt15748464	\N	nm1832674,nm2039838,nm0554241,nm0577579
tt15748466	\N	nm1832674,nm2039838,nm0554241,nm0577579
tt15748468	\N	nm1832674,nm2039838,nm0554241,nm0577579
tt15748470	\N	nm1832674,nm2039838,nm0554241,nm0577579
tt15748472	\N	nm1832674,nm2039838,nm0554241,nm0577579
tt15748474	\N	nm1832674,nm2039838,nm0554241,nm0577579
tt15748476	nm12954642	nm10357998,nm5595067,nm13393540,nm13393543,nm13393541,nm13393544,nm13393542,nm13394019
tt15748478	nm12954642	nm10357998,nm5595067,nm13393540,nm13393543,nm13393541,nm13393544,nm13393542,nm13394019
tt15748480	nm12954642	nm10357998,nm5595067,nm13393540,nm13393543,nm13393541,nm13393544,nm13393542,nm13394019
tt15748482	nm12954642	nm10357998,nm5595067,nm13393540,nm13393543,nm13393541,nm13393544,nm13393542,nm13394019
tt15748484	nm12954642	nm10357998,nm5595067,nm13393540,nm13393543,nm13393541,nm13393544,nm13393542,nm13394019
tt15748486	nm12954642	nm10357998,nm5595067,nm13393540,nm13393543,nm13393541,nm13393544,nm13393542,nm13394019
tt15748488	nm12954642	nm10357998,nm5595067,nm13393540,nm13393543,nm13393541,nm13393544,nm13393542,nm13394019
tt15748490	nm12954642	nm10357998,nm5595067,nm13393540,nm13393543,nm13393541,nm13393544,nm13393542,nm13394019
tt15748492	nm12954642	nm10357998,nm5595067,nm13393540,nm13393543,nm13393541,nm13393544,nm13393542,nm13394019
tt15748494	\N	\N
tt15748496	nm12954642	nm10357998,nm5595067,nm13393540,nm13393543,nm13393541,nm13393544,nm13393542,nm13394019
tt15748498	nm12954642	nm10357998,nm5595067,nm13393540,nm13393543,nm13393541,nm13393544,nm13393542,nm13394019
tt15748500	nm12954642	nm10357998,nm5595067,nm13393540,nm13393543,nm13393541,nm13393544,nm13393542,nm13394019
tt15748502	nm12954642	nm10357998,nm5595067,nm13393540,nm13393543,nm13393541,nm13393544,nm13393542,nm13394019
tt15748504	nm12954642	nm10357998,nm5595067,nm13393540,nm13393543,nm13393541,nm13393544,nm13393542,nm13394019
tt15748508	nm12954642	nm10357998,nm5595067,nm13393540,nm13393543,nm13393541,nm13393544,nm13393542,nm13394019
tt15748510	nm12954642	nm10357998,nm5595067,nm13393540,nm13393543,nm13393541,nm13393544,nm13393542,nm13394019
tt15748512	nm12954642	nm10357998,nm5595067,nm13393540,nm13393543,nm13393541,nm13393544,nm13393542,nm13394019
tt15748514	nm12954642	nm10357998,nm5595067,nm13393540,nm13393543,nm13393541,nm13393544,nm13393542,nm13394019
tt15748516	nm12954642	nm10357998,nm5595067,nm13393540,nm13393543,nm13393541,nm13393544,nm13393542,nm13394019
tt15748518	nm12954642	nm10357998,nm5595067,nm13393540,nm13393543,nm13393541,nm13393544,nm13393542,nm13394019
tt15748520	nm12954642	nm10357998,nm5595067,nm13393540,nm13393543,nm13393541,nm13393544,nm13393542,nm13394019
tt15748522	nm12954642	nm10357998,nm5595067,nm13393540,nm13393543,nm13393541,nm13393544,nm13393542,nm13394019
tt15748524	nm12954642	nm10357998,nm5595067,nm13393540,nm13393543,nm13393541,nm13393544,nm13393542,nm13394019
tt15748526	nm12954642	nm10357998,nm5595067,nm13393540,nm13393543,nm13393541,nm13393544,nm13393542,nm13394019
tt15748528	nm12954642	nm10357998,nm5595067,nm13393540,nm13393543,nm13393541,nm13393544,nm13393542,nm13394019
tt15748530	nm12954642	nm10357998,nm5595067,nm13393540,nm13393543,nm13393541,nm13393544,nm13393542,nm13394019
tt15748532	nm12954642	nm10357998,nm5595067,nm13393540,nm13393543,nm13393541,nm13393544,nm13393542,nm13394019
tt15748534	nm12954642	nm10357998,nm5595067,nm13393540,nm13393543,nm13393541,nm13393544,nm13393542,nm13394019
tt15748536	nm12954642	nm10357998,nm5595067,nm13393540,nm13393543,nm13393541,nm13393544,nm13393542,nm13394019
tt15748538	nm12954642	nm10357998,nm5595067,nm13393540,nm13393543,nm13393541,nm13393544,nm13393542,nm13394019
tt15748540	nm12954642	nm10357998,nm5595067,nm13393540,nm13393543,nm13393541,nm13393544,nm13393542,nm13394019
tt15748542	nm12954642	nm10357998,nm5595067,nm13393540,nm13393543,nm13393541,nm13393544,nm13393542,nm13394019
tt15748544	nm12954642	nm10357998,nm5595067,nm13393540,nm13393543,nm13393541,nm13393544,nm13393542,nm13394019
tt15748546	nm12954642	nm10357998,nm5595067,nm13393540,nm13393543,nm13393541,nm13393544,nm13393542,nm13394019
tt15748548	\N	nm1446464
tt15748550	nm12954642	nm10357998,nm5595067,nm13393540,nm13393543,nm13393541,nm13393544,nm13393542,nm13394019
tt15748552	nm12954642	nm10357998,nm5595067,nm13393540,nm13393543,nm13393541,nm13393544,nm13393542,nm13394019
tt15748554	nm12954642	nm10357998,nm5595067,nm13393540,nm13393543,nm13393541,nm13393544,nm13393542,nm13394019
tt15748556	nm12954642	nm10357998,nm5595067,nm13393540,nm13393543,nm13393541,nm13393544,nm13393542,nm13394019
tt15748558	nm12954642	nm10357998,nm5595067,nm13393540,nm13393543,nm13393541,nm13393544,nm13393542,nm13394019
tt15748560	nm0373571	nm0373571,nm0501399,nm0321770,nm0417157
tt15748562	nm12954642	nm10357998,nm5595067,nm13393540,nm13393543,nm13393541,nm13393544,nm13393542,nm13394019
tt15748564	nm0797382	\N
tt15748566	nm4990169,nm9116439	nm9116439
tt15748568	\N	\N
tt15748570	\N	nm1446464
tt15748572	\N	nm1446464
tt15748574	\N	nm1446464
tt15748576	\N	nm1446464
tt15748578	nm12954642,nm12954639	nm10357998,nm5595067,nm13393543,nm13393541,nm13393544,nm13393542,nm13394019
tt15748580	nm4971254	nm1446464
tt15748584	nm12954639	nm10357998,nm5595067,nm13393543,nm13393541,nm13393544,nm13393542,nm13394019
tt15748586	nm12954639	nm10357998,nm5595067,nm13393543,nm13393541,nm13393544,nm13393542,nm13394019
tt15748588	nm12954639	nm10357998,nm5595067,nm13393543,nm13393541,nm13393544,nm13393542,nm13394019
tt15748590	nm12954639	nm10357998,nm5595067,nm13393543,nm13393541,nm13393544,nm13393542,nm13394019
tt15748592	nm12954639	nm10357998,nm5595067,nm13393543,nm13393541,nm13393544,nm13393542,nm13394019
tt15748594	nm12954639	nm10357998,nm5595067,nm13393543,nm13393541,nm13393544,nm13393542,nm13394019
tt15748596	nm12954639	nm10357998,nm5595067,nm13393543,nm13393541,nm13393544,nm13393542,nm13394019
tt15748598	nm12954639	nm10357998,nm5595067,nm13393543,nm13393541,nm13393544,nm13393542,nm13394019
tt15748600	nm12954639	nm10357998,nm5595067,nm13393543,nm13393541,nm13393544,nm13393542,nm13394019
tt15748602	nm12954639	nm10357998,nm5595067,nm13393543,nm13393541,nm13393544,nm13393542,nm13394019
tt15748604	nm12954639	nm10357998,nm5595067,nm13393543,nm13393541,nm13393544,nm13393542,nm13394019
tt15748606	nm12954639	nm10357998,nm5595067,nm13393543,nm13393541,nm13393544,nm13393542,nm13394019
tt15748608	nm7734914	\N
tt15748610	nm12954639	nm10357998,nm5595067,nm13393543,nm13393541,nm13393544,nm13393542,nm13394019
tt15748612	nm12954639	nm10357998,nm5595067,nm13393543,nm13393541,nm13393544,nm13393542,nm13394019
tt15748614	nm12954639	nm10357998,nm5595067,nm13393543,nm13393541,nm13393544,nm13393542,nm13394019
tt15748616	nm12954639	nm10357998,nm5595067,nm13393543,nm13393541,nm13393544,nm13393542,nm13394019
tt15748618	nm12954639	nm10357998,nm5595067,nm13393543,nm13393541,nm13393544,nm13393542,nm13394019
tt15748620	nm12954639	nm10357998,nm5595067,nm13393540,nm13393541,nm13393542,nm10690231,nm13393543,nm13393544
tt15748622	nm12954639	nm10357998,nm5595067,nm13393540,nm13393541,nm13393542,nm10690231,nm13393543,nm13393544
tt15748624	nm12954639	nm10357998,nm5595067,nm13393540,nm13393541,nm13393542,nm10690231,nm13393543,nm13393544
tt15748626	nm12954639	nm10357998,nm5595067,nm13393540,nm13393541,nm13393542,nm10690231,nm13393543,nm13393544
tt15748630	nm12954639	nm10357998,nm5595067,nm13393540,nm13393541,nm13393542,nm10690231,nm13393543,nm13393544
tt15748632	nm12954639	nm10357998,nm5595067,nm13393540,nm13393541,nm13393542,nm10690231,nm13393543,nm13393544
tt15748634	nm12954639	nm10357998,nm5595067,nm13393540,nm13393541,nm13393542,nm10690231,nm13393543,nm13393544
tt15748638	nm12954639	nm10357998,nm5595067,nm13393540,nm13393541,nm13393542,nm10690231,nm13393543,nm13393544
tt15748640	nm12954639	nm10357998,nm5595067,nm13393540,nm13393541,nm13393542,nm10690231,nm13393543,nm13393544
tt15748642	nm12954639	nm10357998,nm5595067,nm13393540,nm13393541,nm13393542,nm10690231,nm13393543,nm13393544
tt15748644	nm0335133	nm0035127
tt15748646	nm12954639	nm10357998,nm5595067,nm13393540,nm13393541,nm13393542,nm10690231,nm13393543,nm13393544
tt15748650	nm12954639	nm10357998,nm5595067,nm13393540,nm13393541,nm13393542,nm10690231,nm13393543,nm13393544
tt15748652	nm12954639	nm10357998,nm5595067,nm13393540,nm13393541,nm13393542,nm10690231,nm13393543,nm13393544
tt15748654	nm12954639	nm10357998,nm5595067,nm13393540,nm13393541,nm13393542,nm10690231,nm13393543,nm13393544
tt15748656	nm12954639	nm10357998,nm5595067,nm13393540,nm13393541,nm13393542,nm10690231,nm13393543,nm13393544
tt15748658	nm12954639	nm10357998,nm5595067,nm13393540,nm13393541,nm13393542,nm10690231,nm13393543,nm13393544
tt15748660	nm12954639	nm10357998,nm5595067,nm13393540,nm13393541,nm13393542,nm10690231,nm13393543,nm13393544
tt15748662	nm12954639	nm10357998,nm5595067,nm13393540,nm13393541,nm13393542,nm10690231,nm13393543,nm13393544
tt15748664	nm12954639	nm10357998,nm5595067,nm13393540,nm13393541,nm13393542,nm10690231,nm13393543,nm13393544
tt15748666	nm12954639	nm10357998,nm5595067,nm13393540,nm13393541,nm13393542,nm10690231,nm13393543,nm13393544
tt15748668	nm12954639	nm10357998
tt15748670	nm12954639	nm10357998
tt15748672	nm12954639	nm10357998
tt15748674	nm12954639	nm10357998
tt15748676	nm12954639	nm10357998
tt15748678	nm13057005,nm13057006	nm13057005
tt15748680	nm12954639	nm10357998
tt15748682	nm12954639	nm10357998
tt15748684	nm12954639	nm10357998
tt15748686	nm12954639	nm10357998
tt15748688	nm12954639	nm10357998
tt15748690	nm12954639	nm10357998
tt15748692	nm12954639	nm10357998
tt15748694	nm12954639	nm10357998
tt15748696	nm12954639	nm10357998
tt15748698	nm13057010,nm13057011	nm13057010
tt15748700	nm12954639	nm10357998
tt15748702	nm12954639	nm10357998
tt15748704	nm12954639	nm10357998
tt15748706	nm12954639	nm10357998
tt15748708	nm12954639	nm10357998
tt15748710	\N	\N
tt15748712	nm12954639	nm10357998
tt15748714	nm12954639	nm10357998
tt15748716	nm12954639	nm10357998
tt15748718	nm12954639	nm10357998
tt15748720	nm12954639	nm10357998
tt15748722	nm12954639	nm10357998
tt15748724	nm12954639	nm10357998
tt15748726	nm0797382	\N
tt15748728	nm12954639	nm10357998
tt15748730	nm12954639	nm10357998
tt15748732	nm12954639	nm10357998
tt15748734	nm12954639	nm10357998
tt15748736	nm12954639	nm10357998
tt15748738	nm12954639	nm10357998
tt15748740	nm12954639	nm10357998
tt15748742	nm12954639	nm10357998
tt15748744	nm12954639	nm10357998
tt15748746	nm12954639	nm10357998
tt15748748	nm12954639	nm10357998
tt15748750	\N	\N
tt15748752	nm12954639	nm10357998
tt15748754	nm12954639	nm10357998
tt15748756	nm12954639	nm10357998
tt15748758	nm12954639	nm10357998
tt15748760	nm5390666	nm2878278
tt15748762	nm12954639	nm10357998
tt15748764	nm12954639	nm10357998
tt15748766	nm12954639	nm10357998
tt15748768	nm12954639	nm10357998
tt15748770	nm12954639	nm10357998
tt15748772	nm0847281	\N
tt15748774	nm12954639	nm10357998
tt15748776	nm12954639	nm10357998
tt15748778	nm12954639	nm10357998
tt15748780	nm12954639	nm10357998
tt15748782	nm12954639	nm10357998
tt15748784	nm12954639	nm10357998
tt15748786	nm12954639	nm10357998
tt15748788	nm12954639	nm10357998
tt15748790	nm12954639	nm10357998
tt15748792	nm12954639	nm10357998
tt15748794	nm12954639	nm10357998
tt15748796	nm12954639	nm10357998
tt15748798	nm13057019	nm13057019
tt15748800	nm12954640	nm10357998
tt15748802	nm6010527	\N
tt15748804	nm12954640	nm10357998
tt15748806	nm12954640	nm10357998
tt15748808	nm12954640	nm10357998
tt15748810	nm12954640	nm10357998
tt15748812	nm12954640	nm10357998
tt15748814	nm12954640	nm10357998
tt15748816	nm12954640	nm10357998
tt15748818	nm12954640	nm10357998
tt15748820	nm12954640	nm10357998
tt15748822	nm12954640	nm10357998
tt15748824	nm9299908	nm0825620
tt15748826	nm12954640	nm10357998
tt15748828	nm12954640	nm10357998
tt15748830	nm1223910	nm0383258
tt15748832	nm12954640	nm10357998
tt15748834	nm12954640	nm10357998
tt15748836	nm12954640	nm10357998
tt15748838	nm12954640	nm10357998
tt15748840	nm12954640	nm10357998
tt15748842	nm12954640	nm10357998
tt15748844	nm12954640	nm10357998
tt15748846	nm12954640	nm10357998
tt15748848	nm12954640	nm10357998
tt15748850	nm12954640	nm10357998
tt15748852	nm12954640	nm10357998
tt15748854	nm12954640	nm10357998
tt15748856	nm12954640	nm10357998
tt15748858	nm12954640	nm10357998
tt15748860	nm12954640	nm10357998
tt15748862	nm12954640	nm10357998
tt15748864	nm12954640	nm10357998
tt15748866	nm12954640	nm10357998
tt15748868	nm12954640	nm10357998
tt15748870	nm12954640	nm10357998
tt15748872	nm12954640	nm10357998
tt15748874	nm12954640	nm10357998
tt15748876	nm12954640	nm10357998
tt15748878	nm12954640	nm10357998
tt15748880	nm12954640	nm10357998
tt15748882	nm12954640	nm10357998
tt15748884	\N	\N
tt15748886	nm12954640	nm13393540,nm13393541,nm13393542,nm10690231,nm13393543,nm13393544,nm10357998,nm5595067
tt15748888	nm12954640	nm10357998,nm5595067,nm13393540,nm13393541,nm13393542,nm10690231,nm13393543,nm13393544
tt15748890	nm12954640	nm10357998,nm5595067,nm13393540,nm13393541,nm13393542,nm10690231,nm13393543,nm13393544
tt15748892	nm12954640	nm10357998,nm5595067,nm13393540,nm13393541,nm13393542,nm10690231,nm13393543,nm13393544
tt15748894	nm12954640	nm10357998,nm5595067,nm13393540,nm13393541,nm13393542,nm10690231,nm13393543,nm13393544
tt15748896	nm12954640	nm10357998,nm5595067,nm13393540,nm13393541,nm13393542,nm10690231,nm13393543,nm13393544
tt15748898	nm12954640	nm10357998,nm5595067,nm13393540,nm13393541,nm13393542,nm10690231,nm13393543,nm13393544
tt15748900	nm12954640	nm10357998,nm5595067,nm13393540,nm13393541,nm13393542,nm10690231,nm13393543,nm13393544
tt15748902	nm12954640	nm10357998,nm5595067,nm13393540,nm13393541,nm13393542,nm10690231,nm13393543,nm13393544
tt15748904	nm12954640	nm10357998,nm5595067,nm13393540,nm13393541,nm13393542,nm10690231,nm13393543,nm13393544
tt15748906	nm12954640	nm10357998,nm5595067,nm13393540,nm13393541,nm13393542,nm10690231,nm13393543,nm13393544
tt15748908	nm12954640	nm10357998,nm5595067,nm13393540,nm13393541,nm13393542,nm10690231,nm13393543,nm13393544
tt15748910	nm12954640	nm10357998,nm5595067,nm13393540,nm13393541,nm13393542,nm10690231,nm13393543,nm13393544
tt15748912	nm12954640	nm10357998,nm5595067,nm13393540,nm13393541,nm13393542,nm10690231,nm13393543,nm13393544
tt15748914	nm12954640	nm10357998,nm5595067,nm13393540,nm13393541,nm13393542,nm10690231,nm13393543,nm13393544
tt15748916	nm12954640	nm10357998,nm5595067,nm13393540,nm13393541,nm13393542,nm10690231,nm13393543,nm13393544
tt15748918	nm12954640	nm10357998,nm5595067,nm13393540,nm13393541,nm13393542,nm10690231,nm13393543,nm13393544
tt15748920	nm12954640	nm10357998,nm5595067,nm13393540,nm13393541,nm13393542,nm10690231,nm13393543,nm13393544
tt15748922	nm12954640	nm10357998,nm5595067,nm13393540,nm13393541,nm13393542,nm10690231,nm13393543,nm13393544
tt15748924	nm8180833	\N
tt15748926	nm9578383	nm6308414,nm9686559,nm7255858,nm11403620,nm2409926,nm9578455
tt15748928	nm10828789	nm2345184,nm1791933,nm8828501
tt15748930	nm2413225	nm3852561,nm1032310
tt15748934	nm10828789	nm2345184,nm1791933,nm8828501
tt15748936	nm10828789	nm2345184,nm1791933,nm8828501
tt15748938	nm10828789	nm2345184,nm1791933,nm8828501
tt15748940	nm10828789	nm2345184,nm1791933,nm8828501
tt15748942	nm10828789	nm2345184,nm1791933,nm8828501
tt15748944	nm10828789	nm2345184,nm1791933,nm8828501
tt15748946	nm10828789	nm2345184,nm1791933,nm8828501
tt15748948	nm10828789	nm2345184,nm1791933,nm8828501
tt15748950	nm10828789	nm2345184,nm1791933,nm8828501
tt15748952	nm10828789	nm2345184,nm1791933,nm8828501
tt15748954	nm10828789	nm2345184,nm1791933,nm8828501
tt15748956	nm10828789	nm2345184,nm1791933,nm8828501
tt15748958	nm10828789	nm2345184,nm1791933,nm8828501
tt15748960	nm10828789	nm2345184,nm1791933,nm8828501
tt15748962	nm10828789	nm2345184,nm1791933,nm8828501
tt15748964	nm10828789	nm2345184,nm1791933,nm8828501
tt15748966	nm10828789	nm2345184,nm1791933,nm8828501
tt15748968	nm10828789	nm2345184,nm1791933,nm8828501
tt15748970	nm10828789	nm2345184,nm1791933,nm8828501
tt15748972	nm2413225	nm3852561,nm1032310
tt15748974	nm2413225	nm3852561,nm1032310
tt15748976	nm2413225	nm3852561,nm1032310
tt15748978	\N	\N
tt15748980	nm2413225	nm3852561,nm1032310
tt15748982	nm2413225	nm3852561,nm1032310
tt15748984	nm2413225	nm3852561,nm1032310
tt15748986	nm2413225	nm3852561,nm1032310
tt15748988	nm2413225	nm3852561,nm1032310
tt15748990	nm2413225	nm3852561,nm1032310
tt15748992	nm2413225	nm3852561,nm1032310
tt15748994	nm2413225	nm3852561,nm1032310
tt15748996	nm2413225	nm3852561,nm1032310
tt15748998	\N	\N
tt15749000	nm2413225	nm3852561,nm1032310
tt15749002	nm2413225	nm3852561,nm1032310
tt15749004	nm2413225	nm3852561,nm1032310
tt15749006	nm2413225	nm3852561,nm1032310
tt15749008	nm2413225	nm3852561,nm1032310
tt15749010	nm2413225	nm3852561,nm1032310
tt15749012	nm2413225	nm3852561,nm1032310
tt15749014	\N	\N
tt15749016	nm0474848	nm4470706
tt15749018	nm0474848	nm4470706
tt15749020	nm0474848	nm4470706
tt15749022	nm0474848	nm4470706
tt15749024	nm0474848	nm4470706
tt15749026	nm0474848	nm4470706
tt15749028	nm0474848	nm4470706
tt15749032	nm0474848	nm4470706
tt15749034	nm0474848	nm4470706
tt15749036	nm0474848	nm4470706
tt15749038	nm0474848	nm4470706
tt15749040	nm0474848	nm4470706
tt15749042	nm0474848	nm4470706
tt15749044	nm0474848	nm4470706
tt15749046	nm0474848	nm4470706
tt15749048	nm0474848	nm4470706
tt15749050	nm0474848	nm4470706
tt15749052	nm0474848	nm4470706
tt15749054	nm9116439,nm4990169	nm9116439
tt15749056	nm0474848	nm4470706
tt15749058	\N	\N
tt15749060	\N	\N
tt15749062	nm0474848	nm4470706
tt15749064	\N	\N
tt15749066	\N	nm0715087
tt15749068	\N	nm2956356,nm0345998,nm2293981,nm0670495
tt15749070	\N	\N
tt15749072	\N	\N
tt15749074	\N	\N
tt15749076	\N	\N
tt15749078	\N	\N
tt15749080	\N	nm0715087
tt15749082	\N	\N
tt15749086	\N	\N
tt15749088	\N	nm0715087
tt15749090	\N	nm0715087
tt15749092	\N	nm0715087
tt15749094	\N	\N
tt15749096	\N	\N
tt15749098	\N	nm0715087
tt15749100	\N	nm0715087
tt15749102	\N	nm0715087
tt15749104	\N	nm0715087
tt15749106	\N	nm0715087
tt15749108	\N	nm0715087
tt15749110	\N	nm0715087
tt15749112	nm5102508	nm10378067
tt15749114	\N	nm0715087
tt15749116	\N	nm0715087
tt15749118	\N	nm0715087
tt15749120	\N	nm0715087
tt15749122	\N	\N
tt15749124	\N	\N
tt15749126	\N	nm0715087
tt15749128	\N	nm0715087
tt15749130	\N	nm0715087
tt15749132	\N	\N
tt15749134	\N	nm0715087
tt15749136	\N	\N
tt15749138	\N	\N
tt15749140	\N	nm0715087
tt15749142	\N	nm0715087
tt15749144	\N	nm0715087
tt15749146	\N	nm0715087
tt15749150	\N	nm0715087
tt15749152	\N	nm0715087
tt15749154	\N	nm0715087
tt15749156	\N	nm0715087
tt15749158	\N	nm0715087
tt15749162	\N	nm0715087
tt15749164	\N	nm0715087
tt15749166	nm1299345	\N
tt15749168	\N	nm0715087
tt15749170	\N	nm0715087
tt15749172	\N	nm0715087
tt15749174	\N	nm0715087
tt15749176	\N	nm0715087
tt15749178	\N	nm0715087
tt15749180	\N	\N
tt15749182	\N	nm0715087
tt15749184	\N	nm0715087
tt15749186	\N	nm0715087
tt15749188	\N	nm0715087
tt15749190	nm1142921	\N
tt15749192	\N	nm2956356,nm0345998,nm2293981,nm0670495
tt15749194	\N	nm2956356,nm0345998,nm2293981,nm0670495
tt15749196	\N	nm2956356,nm0345998,nm2293981,nm0670495
tt15749198	\N	nm2956356,nm0345998,nm2293981,nm0670495
tt15749200	\N	nm2956356,nm0345998,nm2293981,nm0670495
tt15749202	\N	nm2956356,nm0345998,nm2293981,nm0670495
tt15749204	\N	nm2956356,nm0345998,nm2293981,nm0670495
tt15749206	\N	nm2956356,nm0345998,nm2293981,nm0670495
tt15749208	\N	nm2956356,nm0345998,nm2293981,nm0670495
tt15749210	\N	nm2956356,nm0345998,nm2293981,nm0670495
tt15749212	\N	nm2956356,nm0345998,nm2293981,nm0670495
tt15749214	\N	nm2956356,nm0345998,nm2293981,nm0670495
tt15749216	\N	nm2956356,nm0345998,nm2293981,nm0670495
tt15749218	\N	nm2956356,nm0345998,nm2293981,nm0670495
tt15749220	\N	nm2956356,nm0345998,nm2293981,nm0670495
tt15749222	\N	nm2956356,nm0345998,nm2293981,nm0670495
tt15749224	\N	nm2956356,nm0345998,nm2293981,nm0670495
tt15749226	\N	nm2956356,nm0345998,nm2293981,nm0670495
tt15749228	\N	nm2956356,nm0345998,nm2293981,nm0670495
tt15749230	\N	nm2956356,nm0345998,nm2293981,nm0670495
tt15749232	\N	nm2956356,nm0345998,nm2293981,nm0670495
tt15749234	\N	nm2956356,nm0345998,nm2293981,nm0670495
tt15749236	\N	nm2956356,nm0345998,nm2293981,nm0670495
tt15749238	\N	nm2956356,nm0345998,nm2293981,nm0670495
tt15749240	\N	nm2956356,nm0345998,nm2293981,nm0670495
tt15749242	\N	nm2956356,nm0345998,nm2293981,nm0670495
tt15749244	\N	nm2956356,nm0345998,nm2293981,nm0670495
tt15749246	\N	nm2956356,nm0345998,nm2293981,nm0670495
tt15749248	\N	nm2956356,nm0345998,nm2293981,nm0670495
tt15749250	\N	nm2956356,nm0345998,nm2293981,nm0670495
tt15749252	\N	nm2956356,nm0345998,nm2293981,nm0670495
tt15749254	nm9520538,nm3095937	\N
tt15749256	\N	nm2956356,nm0345998,nm2293981,nm0670495
tt15749258	\N	nm2956356,nm0345998,nm2293981,nm0670495
tt15749260	\N	nm2956356,nm0345998,nm2293981,nm0670495
tt15749262	\N	nm2956356,nm0345998,nm2293981,nm0670495
tt15749264	\N	nm2956356,nm0345998,nm2293981,nm0670495
tt15749266	\N	nm2956356,nm0345998,nm2293981,nm0670495
tt15749268	\N	nm2956356,nm0345998,nm2293981,nm0670495
tt15749270	\N	nm2956356,nm0345998,nm2293981,nm0670495
tt15749272	\N	nm2956356,nm0345998,nm2293981,nm0670495
tt15749274	\N	nm2956356,nm0345998,nm2293981,nm0670495
tt15749276	\N	nm2956356,nm0345998,nm2293981,nm0670495
tt15749278	\N	nm2956356,nm0345998,nm2293981,nm0670495
tt15749280	\N	nm2956356,nm0345998,nm2293981,nm0670495
tt15749284	\N	\N
tt15749286	\N	\N
tt15749288	nm13057084	\N
tt15749290	nm6307282	nm3282624
tt15749292	nm6307282	nm3282624
tt15749294	nm6307282	nm3282624
tt15749296	nm6307282	nm3282624
tt15749298	nm6307282	nm3282624
tt15749300	nm6307282	nm3282624
tt15749302	nm6307282	nm3282624
tt15749304	nm6307282	nm3282624
tt15749306	nm6307282	nm3282624
tt15749308	nm6307282	nm3282624
tt15749310	nm6307282	nm3282624
tt15749312	nm6307282	nm3282624
tt15749314	nm9752793	nm9752793
tt15749316	nm6307282	nm3282624
tt15749318	\N	\N
tt15749320	nm6889105	\N
tt15749322	nm6307282	nm3282624
tt15749324	nm6307282	nm3282624
tt15749326	nm6307282	nm3282624
tt15749328	nm6307282	nm3282624
tt15749330	nm6307282	nm3282624
tt15749332	nm6307282	nm3282624
tt15749334	nm6307282	nm3282624
tt15749336	\N	\N
tt15749338	nm6307282	nm3282624
tt15749340	\N	\N
tt15749342	nm6307282	nm3282624
tt15749344	nm6307282	nm3282624
tt15749346	nm6307282	nm3282624
tt15749348	\N	\N
tt15749350	nm6307282	nm3282624
tt15749352	nm6307282	nm3282624
tt15749354	nm6307282	nm3282624
tt15749356	nm6307282	nm3282624
tt15749358	nm6307282	nm3282624
tt15749360	nm6307282	nm3282624
tt15749362	nm6307282	nm3282624
tt15749364	nm6307282	nm3282624
tt15749366	nm6307282	nm3282624
tt15749368	nm6307282	nm3282624
tt15749370	nm6307282	nm3282624
tt15749372	nm6307282	nm3282624
tt15749374	nm6307282	nm3282624
tt15749376	nm6307282	nm3282624
tt15749378	nm6307282	nm3282624
tt15749380	nm6307282	nm3282624
tt15749382	nm6307282	nm3282624
tt15749384	nm6307282	nm3282624
tt15749386	nm6307282	nm3282624
tt15749388	nm6307282	nm3282624
tt15749390	nm6307282	nm3282624
tt15749392	\N	nm9271023
tt15749394	nm6307282	nm3282624
tt15749396	nm6307282	nm3282624
tt15749398	\N	\N
tt15749400	nm6307282	nm3282624
tt15749402	nm6307282	nm3282624
tt15749404	nm9123681	nm7160449,nm9123681
tt15749406	nm6307282	nm3282624
tt15749408	nm6307282	nm3282624
tt15749410	nm6307282	nm3282624
tt15749412	nm6307282	nm3282624
tt15749414	nm6307282	nm3282624
tt15749416	nm6307282	nm3282624
tt15749418	nm6307282	nm3282624
tt15749420	nm6307282	nm3282624
tt15749422	nm6307282	nm3282624
tt15749424	nm6307282	nm3282624
tt15749426	nm6307282	nm3282624
tt15749428	nm6307282	nm3282624
tt15749430	nm6307282	nm3282624
tt15749432	nm6307282	nm3282624
tt15749434	nm6307282	nm3282624
tt15749436	nm6307282	nm3282624
tt15749440	nm6307282	nm3282624
tt15749442	nm6307282	nm3282624
tt15749444	nm0548419	nm0316841,nm0536969,nm0548419,nm2595823
tt15749446	nm0548419	nm0316841,nm0536969,nm0548419,nm2595823
tt15749448	nm7358573	nm7358573
tt15749450	nm0548419	nm0316841,nm0536969,nm0548419,nm2595823
tt15749452	nm2336970	\N
tt15749456	nm0548419	nm0316841,nm0536969,nm0548419,nm2595823
tt15749460	nm0548419	nm0316841,nm0536969,nm0548419,nm2595823
tt15749462	nm0548419	nm0316841,nm0536969,nm0548419,nm2595823
tt15749464	nm0548419	nm0316841,nm0536969,nm0548419,nm2595823
tt15749466	nm0548419	nm0316841,nm0536969,nm0548419,nm2595823
tt15749468	nm0548419	nm0316841,nm0536969,nm0548419,nm2595823
tt15749470	nm9072464	nm9379615,nm9072464
tt15749472	nm0548419	nm0316841,nm0536969,nm0548419,nm2595823
tt15749474	nm0548419	nm0316841,nm0536969,nm0548419,nm2595823
tt15749476	nm0548419	nm0316841,nm0536969,nm0548419,nm2595823
tt15749478	nm0548419	nm0316841,nm0536969,nm0548419,nm2595823
tt15749480	nm1987969,nm1519751	\N
tt15749482	nm0548419	nm0316841,nm0536969,nm0548419,nm2595823
tt15749484	nm0548419	nm0316841,nm0536969,nm0548419,nm2595823
tt15749486	nm0548419	nm0316841,nm0536969,nm0548419,nm2595823
tt15749488	nm0548419	nm0316841,nm0536969,nm0548419,nm2595823
tt15749490	nm0548419	nm0316841,nm0536969,nm0548419,nm2595823
tt15749492	\N	\N
tt15749494	nm0548419	nm0316841,nm0536969,nm0548419,nm2595823
tt15749496	nm0548419	nm0316841,nm0536969,nm0548419,nm2595823
tt15749498	nm13057107,nm2368755	nm13057107
tt15749500	nm0548419	nm0316841,nm0536969,nm0548419,nm2595823
tt15749502	nm0548419	nm0316841,nm0536969,nm0548419,nm2595823
tt15749504	nm0548419	nm0316841,nm0536969,nm0548419,nm2595823
tt15749506	nm0548419	nm0316841,nm0536969,nm0548419,nm2595823
tt15749508	nm0548419	nm0316841,nm0536969,nm0548419,nm2595823
tt15749510	nm9123681	\N
tt15749512	nm0548419	nm0316841,nm0536969,nm0548419,nm2595823
tt15749514	nm0548419	nm0316841,nm0536969,nm0548419,nm2595823
tt15749516	nm0548419	nm0316841,nm0536969,nm0548419,nm2595823
tt15749518	nm0548419	nm0316841,nm0536969,nm0548419,nm2595823
tt15749520	nm0548419	nm0316841,nm0536969,nm0548419,nm2595823
tt15749524	nm0548419	nm0316841,nm0536969,nm0548419,nm2595823
tt15749526	nm7358573	nm7358573
tt15749528	\N	\N
tt15749530	nm0548419	nm0316841,nm0536969,nm0548419,nm2595823
tt15749532	nm0548419	nm0316841,nm0536969,nm0548419,nm2595823
tt15749534	\N	\N
tt15749536	nm0548419	nm0316841,nm0536969,nm0548419,nm2595823
tt15749538	nm0548419	nm0316841,nm0536969,nm0548419,nm2595823
tt15749540	nm0548419	nm0316841,nm0536969,nm0548419,nm2595823
tt15749542	nm0548419	nm0316841,nm0536969,nm0548419,nm2595823
tt15749544	nm0548419	nm0316841,nm0536969,nm0548419,nm2595823
tt15749546	nm0548419	nm0316841,nm0536969,nm0548419,nm2595823
tt15749548	nm0548419	nm0316841,nm0536969,nm0548419,nm2595823
tt15749550	\N	\N
tt15749552	\N	\N
tt15749554	nm0548419	nm0316841,nm0536969,nm0548419,nm2595823
tt15749558	nm0548419	nm0316841,nm0536969,nm0548419,nm2595823
tt15749560	nm0548419	nm0316841,nm0536969,nm0548419,nm2595823
tt15749562	nm0548419	nm0316841,nm0536969,nm0548419,nm2595823
tt15749564	nm0548419	nm0316841,nm0536969,nm0548419,nm2595823
tt15749566	nm0548419	nm0316841,nm0536969,nm0548419,nm2595823
tt15749568	nm0548419	nm0316841,nm0536969,nm0548419,nm2595823
tt15749570	nm0548419	nm0316841,nm0536969,nm0548419,nm2595823
tt15749572	nm0548419	nm0316841,nm0536969,nm0548419,nm2595823
tt15749574	nm0548419	nm0316841,nm0536969,nm0548419,nm2595823
tt15749576	nm0548419	nm0316841,nm0536969,nm0548419,nm2595823
tt15749578	nm0548419	nm0316841,nm0536969,nm0548419,nm2595823
tt15749580	\N	\N
tt15749584	nm0548419	nm0316841,nm0536969,nm0548419,nm2595823
tt15749586	nm0548419	nm0316841,nm0536969,nm0548419,nm2595823
tt15749588	nm0548419	nm0316841,nm0536969,nm0548419,nm2595823
tt15749590	\N	\N
tt15749592	nm0548419	nm0316841,nm0536969,nm0548419,nm2595823
tt15749594	nm0548419	nm0316841,nm0536969,nm0548419,nm2595823
tt15749596	nm0548419	nm0316841,nm0536969,nm0548419,nm2595823
tt15749598	nm0548419	nm2595823,nm0316841,nm0536969,nm0548419
tt15749600	\N	\N
tt15749602	nm0548419	nm0316841,nm0536969,nm0548419,nm2595823
tt15749604	nm0548419	nm0316841,nm0536969,nm0548419,nm2595823
tt15749606	nm0548419	nm0316841,nm0536969,nm0548419,nm2595823
tt15749608	nm7358573	nm7358573
tt15749610	nm0548419	nm0316841,nm0536969,nm0548419,nm2595823
tt15749614	nm0548419	nm0316841,nm0536969,nm0548419,nm2595823
tt15749616	\N	\N
tt15749620	nm8523400	nm8523400
tt15749622	nm0548419	nm0316841,nm0536969,nm0548419,nm2595823
tt15749624	\N	\N
tt15749626	nm0548419	nm0316841,nm0536969,nm0548419,nm2595823
tt15749628	\N	\N
tt15749630	nm2368755,nm12138850	nm12138850
tt15749632	nm0548419	nm0316841,nm0536969,nm0548419,nm2595823
tt15749636	nm0548419	nm0316841,nm0536969,nm0548419,nm2595823
tt15749640	nm0548419	nm0316841,nm0536969,nm0548419,nm2595823
tt15749642	\N	\N
tt15749644	nm0548419	nm0316841,nm0536969,nm0548419,nm2595823
tt15749646	nm0548419	nm0316841,nm0536969,nm0548419,nm2595823
tt15749648	\N	\N
tt15749650	nm0202516	nm2414113,nm3537396,nm7976248,nm5322018,nm5670417,nm2891978
tt15749652	nm4480572	\N
tt15749654	nm0548419	nm0316841,nm0536969,nm0548419,nm2595823
tt15749658	nm0548419	nm0316841,nm0536969,nm0548419,nm2595823
tt15749660	nm0548419	nm0316841,nm0536969,nm0548419,nm2595823
tt15749662	\N	\N
tt15749664	\N	\N
tt15749666	nm0548419	nm0316841,nm0536969,nm0548419,nm2595823
tt15749670	\N	\N
tt15749672	\N	\N
tt15749674	\N	\N
tt15749676	\N	\N
tt15749678	\N	\N
tt15749680	\N	\N
tt15749682	nm0548419	nm0316841,nm0536969,nm0548419,nm2595823
tt15749684	nm0548419	nm0316841,nm0536969,nm0548419,nm2595823
tt15749686	nm0548419	nm0316841,nm0536969,nm0548419,nm2595823
tt15749688	\N	\N
tt15749690	nm0548419	nm0316841,nm0536969,nm0548419,nm2595823
tt15749692	nm0548419	nm0316841,nm0536969,nm0548419,nm2595823
tt15749694	nm0548419	nm0316841,nm0536969,nm0548419,nm2595823
tt15749696	nm0548419	nm0316841,nm0536969,nm0548419,nm2595823
tt15749698	nm0548419	nm0316841,nm0536969,nm0548419,nm2595823
tt15749700	nm0548419	nm0316841,nm0536969,nm0548419,nm2595823
tt15749702	nm0548419	nm0316841,nm0536969,nm0548419,nm2595823
tt15749704	nm0548419	nm0316841,nm0536969,nm0548419,nm2595823
tt15749706	nm0548419	nm0316841,nm0536969,nm0548419,nm2595823
tt15749708	nm0548419	nm0316841,nm0536969,nm0548419,nm2595823
tt15749710	nm0548419	nm0316841,nm0536969,nm0548419,nm2595823
tt15749712	nm0548419	nm0316841,nm0536969,nm0548419,nm2595823
tt15749714	nm0548419	nm0316841,nm0536969,nm0548419,nm2595823
tt15749716	nm0548419	nm0316841,nm0536969,nm0548419,nm2595823
tt15749720	nm0548419	nm0316841,nm0536969,nm0548419,nm2595823
tt15749722	nm12138850,nm2368755	nm12138850
tt15749724	nm0548419	nm0316841,nm0536969,nm0548419,nm2595823
tt15749726	\N	\N
tt15749728	nm0548419	nm0316841,nm0536969,nm0548419,nm2595823
tt15749730	nm0548419	nm0316841,nm0536969,nm0548419,nm2595823
tt15749732	nm0548419	nm0316841,nm0536969,nm0548419,nm2595823
tt15749734	nm0548419	nm0316841,nm0536969,nm0548419,nm2595823
tt15749736	nm11841559	nm11841559
tt15749738	nm0548419	nm0316841,nm0536969,nm0548419,nm2595823
tt15749740	nm0548419	nm0316841,nm0536969,nm0548419,nm2595823
tt15749742	nm0548419	nm0316841,nm0536969,nm0548419,nm2595823
tt15749744	nm0548419	nm0316841,nm0536969,nm0548419,nm2595823
tt15749746	nm0548419	nm0316841,nm0536969,nm0548419,nm2595823
tt15749748	nm0548419	nm0316841,nm0536969,nm0548419,nm2595823
tt15749750	nm0548419	nm0316841,nm0536969,nm0548419,nm2595823
tt15749752	nm0548419	nm0316841,nm0536969,nm0548419,nm2595823
tt15749754	nm0548419	nm0316841,nm0536969,nm0548419,nm2595823
tt15749756	\N	\N
tt15749758	nm0548419	nm0316841,nm0536969,nm0548419,nm2595823
tt15749760	nm0548419	nm0316841,nm0536969,nm0548419,nm2595823
tt15749762	nm0548419	nm0316841,nm0536969,nm0548419,nm2595823
tt15749764	nm0548419	nm0316841,nm0536969,nm0548419,nm2595823
tt15749766	nm0548419	nm0316841,nm0536969,nm0548419,nm2595823
tt15749768	nm0548419	nm0316841,nm0536969,nm0548419,nm2595823
tt15749770	nm0548419	nm0316841,nm0536969,nm0548419,nm2595823
tt15749772	nm0548419	nm0316841,nm0536969,nm0548419,nm2595823
tt15749774	nm0548419	nm0316841,nm0536969,nm0548419,nm2595823
tt15749776	nm0548419	nm0316841,nm0536969,nm0548419,nm2595823
tt15749778	nm0548419	nm0316841,nm0536969,nm0548419,nm2595823
tt15749780	nm0548419	nm0316841,nm0536969,nm0548419,nm2595823
tt15749782	nm0548419	nm0316841,nm0536969,nm0548419,nm2595823
tt15749784	nm0548419	nm0316841,nm0536969,nm0548419,nm2595823
tt15749786	nm0548419	nm0316841,nm0536969,nm0548419,nm2595823
tt15749788	nm0548419	nm0316841,nm0536969,nm0548419,nm2595823
tt15749790	nm0548419	nm0316841,nm0536969,nm0548419,nm2595823
tt15749792	\N	\N
tt15749794	nm0548419	nm0316841,nm0536969,nm0548419,nm2595823
tt15749796	nm0548419	nm0316841,nm0536969,nm0548419,nm2595823
tt15749798	nm4257712	nm4257712,nm0560943
tt15749800	nm0548419	nm0316841,nm0536969,nm0548419,nm2595823
tt15749802	nm0548419	nm0316841,nm0536969,nm0548419,nm2595823
tt15749804	nm0548419	nm0316841,nm0536969,nm0548419,nm2595823
tt15749806	nm0548419	nm0316841,nm0536969,nm0548419,nm2595823
tt15749808	nm0548419	nm0316841,nm0536969,nm0548419,nm2595823
tt15749810	nm0548419	nm0316841,nm0536969,nm0548419,nm2595823
tt15749812	nm0548419	nm0316841,nm0536969,nm0548419,nm2595823
tt15749814	\N	\N
tt15749816	nm0548419	nm0316841,nm0536969,nm0548419,nm2595823
tt15749818	nm0548419	nm0316841,nm0536969,nm0548419,nm2595823
tt15749820	nm0548419	nm0316841,nm0536969,nm0548419,nm2595823
tt15749822	nm0548419	nm0316841,nm0536969,nm0548419,nm2595823
tt15749824	nm0548419	nm0316841,nm0536969,nm0548419,nm2595823
tt15749826	nm0548419	nm0316841,nm0536969,nm0548419,nm2595823
tt15749828	\N	\N
tt15749830	nm0548419	nm0316841,nm0536969,nm0548419,nm2595823
tt15749832	nm1088993,nm0367955	\N
tt15749834	nm0548419	nm0316841,nm0536969,nm0548419,nm2595823
tt15749836	\N	\N
tt15749838	nm0548419	nm0316841,nm0536969,nm0548419,nm2595823
tt15749840	\N	\N
tt15749842	nm0548419	nm0316841,nm0536969,nm0548419,nm2595823
tt15749844	nm0548419	nm0316841,nm0536969,nm0548419,nm2595823
tt15749846	nm0548419	nm0316841,nm0536969,nm0548419,nm2595823
tt15749848	nm0548419	nm0316841,nm0536969,nm0548419,nm2595823
tt15749850	nm0548419	nm0316841,nm0536969,nm0548419,nm2595823
tt15749852	nm0548419	nm0316841,nm0536969,nm0548419,nm2595823
tt15749854	nm0548419	nm0316841,nm0536969,nm0548419,nm2595823
tt15749856	nm0548419	nm0316841,nm0536969,nm0548419,nm2595823
tt15749858	nm10631939,nm4769578	nm4769578
tt15749860	nm0548419	nm0316841,nm0536969,nm0548419,nm2595823
tt15749862	nm12940657	nm11841559
tt15749864	nm0548419	nm0316841,nm0536969,nm0548419,nm2595823
tt15749866	nm0548419	nm0316841,nm0536969,nm0548419,nm2595823
tt15749868	\N	\N
tt15749870	nm0548419	nm0316841,nm0536969,nm0548419,nm2595823
tt15749872	nm0548419	nm0316841,nm0536969,nm0548419,nm2595823
tt15749874	nm0548419	nm0316841,nm0536969,nm0548419,nm2595823
tt15749876	nm0548419	nm0316841,nm0536969,nm0548419,nm2595823
tt15749878	nm0548419	nm0316841,nm0536969,nm0548419,nm2595823
tt15749880	\N	\N
tt15749882	\N	nm4375857,nm4374831
tt15749884	\N	nm4375857,nm4374831
tt15749886	\N	nm4375857,nm4374831
tt15749888	\N	nm4375857,nm4374831
tt15749890	\N	nm4375857,nm4374831
tt15749892	\N	nm4375857,nm4374831
tt15749894	\N	nm4375857,nm4374831
tt15749896	\N	nm4375857,nm4374831
tt15749898	nm1992541	nm1992541
tt15749900	\N	nm4375857,nm4374831
tt15749902	\N	nm4375857,nm4374831
tt15749904	\N	nm4375857,nm4374831
tt15749906	nm9076906	\N
tt15749908	\N	nm4375857,nm4374831
tt15749910	nm0005295	\N
tt15749912	\N	nm4375857,nm4374831
tt15749914	\N	nm4375857,nm4374831
tt15749916	\N	nm4375857,nm4374831
tt15749918	\N	nm4375857,nm4374831
tt15749920	\N	nm4375857,nm4374831
tt15749922	\N	nm4375857,nm4374831
tt15749928	\N	nm4375857,nm4374831
tt15749930	\N	nm4375857,nm4374831
tt15749932	nm0990600	nm0990600
tt15749934	\N	nm4375857,nm4374831
tt15749936	\N	nm4375857,nm4374831
tt15749938	nm12940657	nm11841559
tt15749940	\N	\N
tt15749942	\N	nm4375857,nm4374831
tt15749944	\N	nm4375857,nm4374831
tt15749946	nm1270944	nm1563148
tt15749948	nm0202516	nm2414113,nm3537396,nm7976248,nm5322018,nm5670417,nm2891978
tt15749950	\N	nm4375857,nm4374831
tt15749952	\N	nm4375857,nm4374831
tt15749954	\N	nm4375857,nm4374831
tt15749956	nm5082788	nm13000463,nm11876564
tt15749958	nm5082788	nm13000463,nm8266291,nm11876564
tt15749960	nm5082788	nm13000463,nm8266291,nm11876564
tt15749962	nm5082788	nm13000463,nm11876564
tt15749964	nm5082788	nm13000463,nm8266291,nm11876564
tt15749966	\N	\N
tt15749968	nm5082788	nm13000463,nm8266291,nm11876564
tt15749970	nm1294516	nm1563148,nm2247294
tt15749972	nm5082788	nm13000463,nm11876564
tt15749974	nm5082788	nm13000463,nm11876564
tt15749976	nm5082788	nm13000463,nm11876564
tt15749978	nm5082788	nm13000463,nm11876564
tt15749982	nm5082788	nm13000463,nm11876564
tt15749984	nm5082788	nm13000463,nm8266291,nm11876564
tt15749986	nm5082788	nm13000463,nm8266291,nm11876564
tt15749988	nm5082788	nm13000463,nm11876564
tt15749990	nm5082788	nm13000463,nm11876564
tt15749992	nm5082788	nm13000463,nm11876564
tt15749994	nm5082788	nm13000463,nm11876564
tt15749996	nm5082788	nm13000463,nm8266291,nm11876564
tt15749998	\N	\N
