tconst	directors	writers
tt9820000	\N	\N
tt9820002	nm1667633	nm5607670,nm5608222,nm5607998,nm1939626,nm5608739
tt9820004	nm1667633	nm5607670,nm5608222,nm5607998,nm1939626,nm5608739
tt9820006	nm8452505	nm4570637,nm9331617,nm8452505,nm1669880,nm5705694,nm5447402
tt9820008	nm1667633	nm5607670,nm5608222,nm5607998,nm1939626,nm5608739
tt9820010	nm1667633	nm5607670,nm5608222,nm5607998,nm1939626,nm5608739
tt9820014	nm1667633	nm5607670,nm5608222,nm5607998,nm1939626,nm5608739
tt9820016	nm1667633	nm5607670,nm5608222,nm5607998,nm1939626,nm5608739
tt9820018	nm1667633	nm5607670,nm5608222,nm5607998,nm1939626,nm5608739
tt9820020	\N	\N
tt9820022	nm1667633	nm5607670,nm5608222,nm5607998,nm1939626,nm5608739
tt9820024	nm1667633	nm5607670,nm5608222,nm5607998,nm1939626,nm5608739
tt9820026	nm1667633	nm5607670,nm5608222,nm5607998,nm1939626,nm5608739
tt9820028	\N	\N
tt9820030	nm1667633	nm5607670,nm5608222,nm5607998,nm1939626,nm5608739
tt9820032	nm1667633	nm5607670,nm5608222,nm5607998,nm1939626,nm5608739
tt9820034	\N	\N
tt9820036	nm1667633	nm5607670,nm5608222,nm5607998,nm1939626,nm5608739
tt9820038	nm1667633	nm5607670,nm5608222,nm5607998,nm1939626,nm5608739
tt9820040	nm1667633	nm5607670,nm5608222,nm5607998,nm1939626,nm5608739
tt9820042	nm1667633	nm5607670,nm5608222,nm5607998,nm1939626,nm5608739
tt9820044	nm1667633	nm5607670,nm5608222,nm5607998,nm1939626,nm5608739
tt9820046	\N	\N
tt9820048	nm1667633	nm5607670,nm5608222,nm5607998,nm1939626,nm5608739
tt9820050	nm3313415	\N
tt9820052	\N	\N
tt9820054	nm12753286,nm3815963	nm6184490,nm3251890,nm5170504,nm6311481,nm3784276,nm6427251,nm4726661,nm1258512,nm6184489
tt9820056	nm3815963,nm12753286	nm6184490,nm3251890,nm5170504,nm6311481,nm3784276,nm6427251,nm4726661,nm1258512,nm6184489
tt9820058	nm12753286,nm3815963	nm6184490,nm3251890,nm5170504,nm6311481,nm3784276,nm6427251,nm4726661,nm1258512,nm6184489
tt9820060	nm12753286,nm3815963	nm6184490,nm3251890,nm5170504,nm6311481,nm3784276,nm6427251,nm4726661,nm1258512,nm6184489
tt9820062	nm12753286,nm3815963	nm6184490,nm3251890,nm5170504,nm6311481,nm3784276,nm6427251,nm4726661,nm1258512,nm6184489
tt9820064	nm12753286,nm3815963	nm6184490,nm3251890,nm5170504,nm6311481,nm3784276,nm6427251,nm4726661,nm1258512,nm6184489
tt9820066	nm12753286,nm3815963	nm6184490,nm3251890,nm5170504,nm6311481,nm3784276,nm6427251,nm4726661,nm1258512,nm6184489
tt9820068	nm3815963,nm12753286	nm6184490,nm3251890,nm5170504,nm6311481,nm3784276,nm6427251,nm4726661,nm1258512,nm6184489
tt9820070	nm12753286,nm3815963	nm6184490,nm3251890,nm5170504,nm6311481,nm3784276,nm6427251,nm4726661,nm1258512,nm6184489
tt9820072	nm12753286,nm3815963	nm6184490,nm3251890,nm5170504,nm6311481,nm3784276,nm6427251,nm4726661,nm1258512,nm6184489
tt9820074	\N	\N
tt9820076	nm12753286,nm3815963	nm6184490,nm3251890,nm5170504,nm6311481,nm3784276,nm6427251,nm4726661,nm1258512,nm6184489
tt9820078	nm3815963,nm12753286	nm6184490,nm3251890,nm5170504,nm6311481,nm3784276,nm6427251,nm4726661,nm1258512,nm6184489
tt9820080	nm12753286,nm3815963	nm6184490,nm3251890,nm5170504,nm6311481,nm3784276,nm6427251,nm4726661,nm1258512,nm6184489
tt9820082	nm3815963,nm12753286	nm6184490,nm3251890,nm5170504,nm6311481,nm3784276,nm6427251,nm4726661,nm1258512,nm6184489
tt9820084	nm12753286,nm3815963	nm6184490,nm3251890,nm5170504,nm6311481,nm3784276,nm6427251,nm4726661,nm1258512,nm6184489
tt9820086	nm3815963,nm12753286	nm6184490,nm3251890,nm5170504,nm6311481,nm3784276,nm6427251,nm4726661,nm1258512,nm6184489
tt9820088	\N	\N
tt9820090	nm12753286,nm3815963	nm6184490,nm3251890,nm5170504,nm6311481,nm3784276,nm6427251,nm4726661,nm1258512,nm6184489
tt9820092	nm3815963,nm12753286	nm6184490,nm3251890,nm5170504,nm6311481,nm3784276,nm6427251,nm4726661,nm1258512,nm6184489
tt9820094	nm12753286,nm3815963	nm6184490,nm3251890,nm5170504,nm6311481,nm3784276,nm6427251,nm4726661,nm1258512,nm6184489
tt9820096	nm12753286,nm3815963	nm6184490,nm3251890,nm5170504,nm6311481,nm3784276,nm6427251,nm4726661,nm1258512,nm6184489
tt9820098	nm8452505	nm4570637,nm9331617,nm8452505,nm1669880,nm5705694,nm5447402
tt9820100	nm9956145	nm9956147
tt9820102	nm9956145	nm9956147
tt9820104	nm9956145	nm9956147
tt9820106	nm9956145	nm9956147
tt9820108	nm9956145	nm9956147
tt9820112	\N	\N
tt9820114	nm9956145	nm9956147
tt9820116	nm9956145	nm9956147
tt9820118	nm9956145	nm9956147
tt9820120	nm9956145	nm9956147
tt9820122	nm9956145	nm9956147
tt9820126	nm9956145	nm9956147
tt9820128	nm9956145	nm9956147
tt9820130	nm9956145	nm9956147
tt9820132	nm9956145	nm9956147
tt9820134	nm9956145	nm9956147
tt9820136	nm9956145	nm9956147
tt9820138	nm9956145	nm9956147
tt9820140	nm9956145	nm9956147
tt9820142	nm9956145	nm9956147
tt9820146	nm9956145	nm9956147
tt9820148	nm8452505	nm4570637,nm9331617,nm8452505,nm1669880,nm5705694,nm5447402
tt9820150	nm9956145	nm9956147
tt9820152	nm9956145	nm9956147
tt9820154	nm9956145	nm9956147
tt9820156	nm9956145	nm9956147
tt9820158	nm9956145	nm9956147
tt9820160	nm9956145	nm9956147
tt9820162	nm9956145	nm9956147
tt9820164	nm9956145	nm9956147
tt9820166	nm9956145	nm9956147
tt9820168	nm9956145	nm9956147
tt9820170	nm9956145	nm9956147
tt9820172	nm9956145	nm9956147
tt9820174	nm9956145	nm9956147
tt9820176	nm9956145	nm9956147
tt9820178	\N	nm1265802,nm0395271,nm0457736
tt9820180	nm9956145	nm9956147
tt9820182	nm9956145	nm9956147
tt9820184	nm9956145	nm9956147
tt9820186	\N	\N
tt9820188	nm9956145	nm9956147
tt9820190	nm9956145	nm9956147
tt9820192	nm9956145	nm9956147
tt9820194	\N	nm0740745
tt9820196	nm10488688	nm10170903
tt9820198	nm10488688	nm10170903
tt9820200	nm5542970	nm5542970
tt9820202	nm10488688	nm10170903
tt9820204	nm10488688	nm10170903
tt9820206	nm10488688	nm10170903
tt9820208	nm10488688	nm10170903
tt9820210	nm10488688	nm10170903
tt9820212	nm10488688	nm10170903
tt9820214	nm10488688	nm10170903
tt9820216	\N	\N
tt9820218	nm10488688	nm10170903
tt9820220	\N	\N
tt9820222	nm10488688	nm10170903
tt9820224	nm10488688	nm10170903
tt9820226	nm10488688	nm10170903
tt9820228	nm10488688	nm10170903
tt9820230	nm10488688	nm10170903
tt9820232	nm10488688	nm10170903
tt9820234	nm10488688	nm10170903
tt9820236	nm10488688	nm10170903
tt9820238	nm10488688	nm10170903
tt9820240	nm10488688	nm10170903
tt9820242	nm10488688	nm10170903
tt9820244	nm10488688	nm10170903
tt9820246	nm10488688	nm10170903
tt9820248	nm10488688	nm10170903
tt9820250	nm10488688	nm10170903
tt9820252	nm10488688	nm10170903
tt9820254	nm10488688	nm10170903
tt9820256	nm10488688	nm10170903
tt9820258	nm10488688	nm10170903
tt9820260	nm10488688	nm10170903
tt9820262	nm10488688	nm10170903
tt9820264	nm10488688	nm10170903
tt9820266	nm10488688	nm10170903
tt9820268	nm10488688	nm10170903
tt9820270	nm10488688	nm10170903
tt9820272	nm8452505	nm4570637,nm9331617,nm8452505,nm1669880,nm5705694,nm5447402
tt9820274	\N	\N
tt9820276	nm10488688	nm10170903
tt9820278	nm10488688	nm10170903
tt9820280	nm10488688	nm10170903
tt9820282	nm10488688	nm10170903
tt9820284	\N	\N
tt9820286	nm10488688	nm10170903
tt9820288	\N	\N
tt9820290	nm6476706	nm6476706
tt9820292	nm1823226	nm0464175,nm0117679,nm8324962,nm2904821,nm8522074,nm5130852,nm3198398
tt9820294	nm8452505	\N
tt9820296	nm1158281	nm5152205,nm6946032,nm9054117
tt9820298	nm4961568,nm5690434,nm4714260	nm4714260,nm2795771,nm3317313,nm6181096,nm7235357,nm9233026
tt9820300	nm10494632	nm8355707,nm10494630,nm10494631
tt9820304	\N	nm5304684
tt9820308	nm10494632	nm8355707,nm10494630,nm10494631
tt9820310	nm10494632	nm8355707,nm10494630,nm10494631
tt9820312	nm10494632	nm8355707,nm10494630,nm10494631
tt9820314	nm10494632	nm8355707,nm10494630,nm10494631
tt9820316	nm10494632	nm8355707,nm10494630,nm10494631
tt9820318	nm10494632	nm8355707,nm10494630,nm10494631
tt9820320	nm10494632	nm8355707,nm10494630,nm10494631
tt9820322	nm10494632	nm8355707,nm10494630,nm10494631
tt9820324	nm5447402	nm9331617,nm5447402
tt9820326	nm10494632	nm8355707,nm10494630,nm10494631
tt9820328	nm10494632	nm8355707,nm10494630,nm10494631
tt9820330	nm10494632	nm8355707,nm10494630,nm10494631
tt9820332	nm10494632	nm8355707,nm10494630,nm10494631
tt9820334	nm10494632	nm8355707,nm10494630,nm10494631
tt9820336	nm10494632	nm8355707,nm10494630,nm10494631
tt9820338	nm10494632	nm8355707,nm10494630,nm10494631
tt9820340	nm10494632	nm8355707,nm10494630,nm10494631
tt9820342	nm10494632	nm8355707,nm10494630,nm10494631
tt9820344	nm10494632	nm8355707,nm10494630,nm10494631
tt9820346	nm2593797	nm6744242
tt9820348	nm10494632	nm8355707,nm10494630,nm10494631
tt9820350	nm10494632	nm8355707,nm10494630,nm10494631
tt9820352	nm0053028	nm1906725,nm1697006
tt9820354	nm9972518	nm9972518
tt9820356	nm10494632	nm8355707,nm10494630,nm10494631
tt9820358	nm10494632	nm8355707,nm10494630,nm10494631
tt9820360	nm10494632	nm8355707,nm10494630,nm10494631
tt9820362	nm10494632	nm8355707,nm10494630,nm10494631
tt9820364	nm10494632	nm8355707,nm10494630,nm10494631
tt9820366	nm10494632	nm8355707,nm10494630,nm10494631
tt9820368	nm10494632	nm8355707,nm10494630,nm10494631
tt9820370	nm10494632	nm8355707,nm10494630,nm10494631
tt9820372	nm10494632	nm8355707,nm10494630,nm10494631
tt9820374	nm10494632	nm8355707,nm10494630,nm10494631
tt9820376	nm10494632	nm8355707,nm10494630,nm10494631
tt9820378	nm10494632	nm8355707,nm10494630,nm10494631
tt9820380	nm10494632	nm8355707,nm10494630,nm10494631
tt9820382	nm10494632	nm8355707,nm10494630,nm10494631
tt9820384	nm10494632	nm8355707,nm10494630,nm10494631
tt9820386	nm10494632	nm8355707,nm10494630,nm10494631
tt9820388	nm7944259	nm7944259
tt9820390	nm10494632	nm8355707,nm10494630,nm10494631
tt9820392	nm10494632	nm8355707,nm10494630,nm10494631
tt9820394	nm10494632	nm8355707,nm10494630,nm10494631
tt9820396	nm10494632	nm8355707,nm10494630,nm10494631
tt9820398	nm10494632	nm8355707,nm10494630,nm10494631
tt9820400	nm10494632	nm8355707,nm10494630,nm10494631
tt9820402	nm5447402	nm9331617,nm5447402
tt9820404	\N	\N
tt9820406	nm10494632	nm8355707,nm10494630,nm10494631
tt9820408	nm4406414	nm4406414
tt9820410	nm10494632	nm8355707,nm10494630,nm10494631
tt9820412	nm10494632	nm8355707,nm10494630,nm10494631
tt9820414	nm10494632	nm8355707,nm10494630,nm10494631
tt9820416	nm10494632	nm8355707,nm10494630,nm10494631
tt9820418	nm10494632	nm8355707,nm10494630,nm10494631
tt9820420	nm10494632	nm8355707,nm10494630,nm10494631
tt9820422	nm10494632	nm8355707,nm10494630,nm10494631
tt9820426	nm10494632	nm8355707,nm10494630,nm10494631
tt9820428	nm10494632	nm8355707,nm10494630,nm10494631
tt9820430	nm10494632	nm8355707,nm10494630,nm10494631
tt9820432	nm10494632	nm8355707,nm10494630,nm10494631
tt9820434	nm10494632	nm8355707,nm10494630,nm10494631
tt9820436	nm10491972	nm10491972
tt9820438	nm9317438	nm9317438
tt9820440	nm10494632	nm8355707,nm10494630,nm10494631
tt9820442	nm10494632	nm8355707,nm10494630,nm10494631
tt9820444	nm10494632	nm8355707,nm10494630,nm10494631
tt9820446	nm10494632	nm8355707,nm10494630,nm10494631
tt9820448	nm1351686	\N
tt9820450	nm10494632	nm8355707,nm10494630,nm10494631
tt9820452	nm10494632	nm8355707,nm10494630,nm10494631
tt9820454	nm10494632	nm8355707,nm10494630,nm10494631
tt9820456	nm10494632	nm8355707,nm10494630,nm10494631
tt9820458	nm10494632	nm8355707,nm10494630,nm10494631
tt9820460	nm10494632	nm8355707,nm10494630,nm10494631
tt9820462	nm10494632	nm8355707,nm10494630,nm10494631
tt9820464	nm10494632	nm8355707,nm10494630,nm10494631
tt9820466	nm10494632	nm8355707,nm10494630,nm10494631
tt9820468	nm10494632	nm8355707,nm10494630,nm10494631
tt9820470	nm10494632	nm8355707,nm10494630,nm10494631
tt9820472	nm10494632	nm8355707,nm10494630,nm10494631
tt9820474	nm10494632	nm8355707,nm10494630,nm10494631
tt9820476	nm5447402	nm9331617,nm5447402
tt9820478	nm10494632	nm8355707,nm10494630,nm10494631
tt9820480	nm10494632	nm8355707,nm10494630,nm10494631
tt9820482	nm10494632	nm8355707,nm10494630,nm10494631
tt9820484	nm10494632	nm8355707,nm10494630,nm10494631
tt9820486	nm10494632	nm8355707,nm10494630,nm10494631
tt9820488	nm10494632	nm8355707,nm10494630,nm10494631
tt9820490	nm10494632	nm8355707,nm10494630,nm10494631
tt9820492	nm7352416	nm7352416
tt9820494	nm10494632	nm8355707,nm10494630,nm10494631
tt9820496	nm10494632	nm8355707,nm10494630,nm10494631
tt9820498	nm4053115	\N
tt9820500	nm10494632	nm8355707,nm10494630,nm10494631
tt9820502	nm10494632	nm8355707,nm10494630,nm10494631
tt9820504	nm10494632	nm8355707,nm10494630,nm10494631
tt9820506	nm8452505	\N
tt9820508	nm10494632	nm8355707,nm10494630,nm10494631
tt9820510	\N	\N
tt9820512	nm1351686	\N
tt9820514	nm10338328	nm10338328
tt9820516	\N	nm0652670
tt9820522	nm4053115	\N
tt9820524	nm8452505	nm4570637,nm9331617,nm1669880,nm5447402
tt9820526	nm0451042	nm0451042,nm2254894
tt9820528	nm8171576	nm8171576
tt9820530	nm8452505	nm8452505,nm5447402
tt9820532	\N	\N
tt9820534	nm6326128,nm7645411	\N
tt9820536	nm0764222	\N
tt9820538	\N	\N
tt9820540	nm6677193,nm2419378,nm4199515,nm1699760,nm7073474	nm7376493
tt9820542	\N	nm0338313,nm0385139
tt9820544	\N	\N
tt9820546	nm2968706	nm2968706
tt9820550	nm0973735	nm4020732
tt9820552	\N	\N
tt9820554	\N	\N
tt9820556	nm2986811	nm4864836,nm1143429
tt9820558	nm9204176	nm9204176
tt9820560	\N	\N
tt9820562	\N	\N
tt9820564	\N	\N
tt9820566	\N	\N
tt9820568	nm3885878	nm3885878
tt9820570	nm0699591	\N
tt9820572	\N	\N
tt9820574	nm10109881	nm10109881
tt9820576	\N	\N
tt9820578	\N	\N
tt9820580	nm1760884	nm13988653
tt9820582	nm4448271,nm1351686	\N
tt9820584	nm7374426,nm6131485	nm7374426,nm8083712,nm6131485
tt9820586	\N	nm7985800
tt9820588	\N	\N
tt9820590	\N	nm7985800
tt9820592	nm0699591	\N
tt9820594	nm5366442	nm5366442
tt9820596	\N	nm7985800
tt9820598	\N	\N
tt9820600	\N	nm7985800
tt9820602	nm1158188,nm0069582	nm0069582,nm1158188
tt9820604	\N	nm7985800
tt9820606	\N	\N
tt9820608	\N	\N
tt9820610	nm0863011	nm0863011
tt9820612	\N	nm7985800
tt9820614	\N	\N
tt9820616	\N	\N
tt9820618	\N	nm1968177,nm10118925
tt9820620	\N	\N
tt9820622	nm0699591	\N
tt9820624	nm1939577	nm1084752,nm1818265
tt9820626	nm1408009	nm0269260,nm3042677,nm1910191,nm0796950,nm0795975,nm2919233
tt9820628	nm1443306	nm1443306,nm4302182
tt9820630	\N	nm3671039
tt9820632	nm0379339	nm3882147
tt9820634	\N	\N
tt9820636	nm10495042	nm10495047
tt9820638	\N	\N
tt9820640	\N	\N
tt9820642	nm2327512	nm2327512
tt9820644	nm7776004	nm7985800
tt9820646	nm10493436	\N
tt9820648	nm7776004	nm7985800
tt9820650	nm10491972	nm10491972
tt9820652	\N	\N
tt9820654	nm10493436	nm10493436
tt9820656	nm7776004	nm7985800
tt9820658	\N	\N
tt9820660	\N	\N
tt9820662	nm2187272	nm2187272
tt9820664	nm2080272	nm2080272
tt9820666	nm10493436	nm10493436
tt9820668	\N	nm10495070
tt9820670	nm0337422	\N
tt9820672	\N	\N
tt9820674	nm10493436	nm10493436
tt9820676	\N	\N
tt9820678	nm5954636	nm5954636
tt9820680	\N	\N
tt9820682	\N	\N
tt9820684	\N	\N
tt9820686	nm3531930,nm6909558,nm5097863	\N
tt9820688	\N	\N
tt9820690	\N	\N
tt9820692	nm10495079	nm10495080,nm10495079
tt9820694	\N	\N
tt9820696	\N	\N
tt9820698	\N	nm0413608
tt9820700	\N	\N
tt9820702	\N	nm5124979
tt9820704	nm10465012	nm10465012
tt9820708	\N	\N
tt9820710	nm3083851,nm9748107	nm3083851
tt9820712	\N	\N
tt9820714	\N	\N
tt9820716	nm10320722,nm10320721	nm10320722,nm10320721,nm10495116
tt9820718	nm10495118	nm8864684
tt9820720	nm6168642,nm10374390,nm6168641	nm6168642,nm6168641,nm10374390
tt9820722	\N	\N
tt9820724	\N	\N
tt9820726	\N	\N
tt9820728	nm3379945	nm10495134,nm10495132,nm10495129,nm10495131,nm10495128,nm6596260,nm10495135,nm10155952,nm10495130,nm10495133
tt9820730	\N	\N
tt9820732	\N	\N
tt9820734	nm3313415	\N
tt9820736	\N	\N
tt9820738	\N	\N
tt9820740	nm1387803	nm1493270
tt9820742	nm1579451	nm1579451
tt9820744	\N	\N
tt9820748	nm3074834	\N
tt9820750	nm1579451	nm1579451
tt9820754	nm10495141	\N
tt9820756	nm1050453	nm2561371,nm3836016,nm2294940,nm1523285,nm1789776,nm3825120,nm1126800
tt9820758	\N	\N
tt9820760	\N	\N
tt9820762	nm1579451	nm1579451
tt9820764	\N	\N
tt9820766	\N	\N
tt9820768	\N	\N
tt9820770	nm1579451	nm1579451
tt9820772	nm0602403	nm5115709,nm3255951,nm0602403
tt9820774	\N	\N
tt9820776	nm1579451	nm1579451
tt9820778	nm3313415	\N
tt9820780	\N	\N
tt9820782	nm1579451	nm1579451
tt9820784	\N	\N
tt9820786	\N	\N
tt9820788	nm10495175	nm10495175
tt9820790	\N	\N
tt9820794	nm9078136	nm9078136
tt9820796	\N	\N
tt9820798	nm0490873	\N
tt9820804	nm0826656	nm0718107,nm3648268,nm7420087,nm10495193,nm2103526,nm2778199,nm3197998
tt9820806	nm2075341	nm2075341,nm0241165
tt9820808	\N	\N
tt9820810	\N	\N
tt9820814	\N	nm0781976
tt9820816	nm0351792	nm10495206
tt9820818	\N	\N
tt9820820	\N	\N
tt9820822	\N	\N
tt9820824	nm10495050,nm10495216	nm10495050,nm10495225,nm10495216
tt9820826	\N	\N
tt9820828	\N	\N
tt9820830	nm10351658	nm10351658
tt9820832	\N	\N
tt9820834	nm0426059	nm2068309
tt9820836	nm1284340	nm0914844,nm4942394,nm1201863,nm2909417,nm4575149,nm10139671
tt9820838	\N	\N
tt9820840	\N	\N
tt9820844	\N	\N
tt9820846	nm3597191	nm3597191,nm3533239,nm3609349
tt9820850	nm2026334	nm6894475,nm2188890,nm1137030,nm1680383,nm5749637,nm5884431,nm5819495,nm5856818
tt9820852	\N	\N
tt9820854	nm1504382	nm1504382
tt9820856	\N	\N
tt9820858	\N	\N
tt9820860	\N	\N
tt9820862	nm0682126	nm3147245,nm1506981,nm1642085,nm6998984,nm7503930,nm2381718
tt9820864	nm7091413	nm7091413
tt9820866	nm3597191	nm3597191,nm3533239,nm3609349
tt9820868	nm0699621	nm1041003,nm0699621
tt9820870	\N	\N
tt9820872	nm10491374	nm10495280
tt9820874	\N	\N
tt9820878	nm3313415	\N
tt9820880	\N	\N
tt9820884	\N	nm3802006
tt9820886	\N	\N
tt9820888	\N	\N
tt9820890	\N	nm3802006
tt9820892	\N	nm3802006
tt9820894	\N	\N
tt9820896	nm1824558	nm1799304
tt9820898	\N	\N
tt9820900	nm10472521	\N
tt9820902	\N	\N
tt9820904	\N	\N
tt9820908	nm3597191	nm3597191,nm3533239,nm3609349
tt9820910	nm0100522	\N
tt9820912	\N	\N
tt9820914	nm10495302	nm10495302
tt9820916	nm7823520	nm8412141,nm6661268,nm8224123,nm9955336
tt9820918	nm0423620	nm10495304
tt9820920	nm7077159	nm7077159,nm8785036
tt9820922	nm9722533	\N
tt9820924	\N	\N
tt9820928	\N	\N
tt9820932	nm10489714,nm10489715	nm10489715,nm10489714
tt9820936	nm0223688	nm2272109,nm1001621
tt9820938	\N	\N
tt9820940	nm7590185	nm7590185
tt9820942	nm3597191	nm3597191,nm3533239,nm3609349
tt9820946	nm4279765	nm0602239
tt9820948	nm10182810	nm10182810
tt9820950	nm4264512	nm8104544,nm6541207
tt9820952	nm7652043	nm7652043
tt9820954	nm0622934,nm3143165,nm1890387	nm1569740,nm4166617,nm1258882,nm2808738,nm1045959,nm5763477,nm1932068,nm9732308,nm2019300,nm2940057,nm2987572,nm1870111,nm2078635,nm2374838,nm6061048,nm5620572,nm1863751,nm4137535,nm6749567
tt9820960	nm10495335	\N
tt9820962	\N	\N
tt9820964	\N	\N
tt9820966	nm3597191	nm3597191,nm3533239,nm3609349
tt9820968	\N	\N
tt9820970	\N	\N
tt9820972	nm10495341	nm10495341
tt9820974	nm10309164	nm10309164
tt9820976	nm3313415	\N
tt9820978	\N	nm0764687
tt9820982	nm4065316	nm7292200,nm1078542,nm4060172
tt9820984	nm4386861	nm3292149,nm0495211,nm2891618,nm1574227,nm10292360,nm1181855,nm7847538,nm2391769
tt9820986	\N	\N
tt9820988	nm10495354	\N
tt9820990	\N	\N
tt9820992	\N	\N
tt9820994	nm0674984	nm1401163,nm1524060
tt9820996	nm2957519	nm3976393,nm9677532
tt9821002	nm1125067	nm1125067
tt9821004	\N	\N
tt9821006	nm2341875	nm3584890,nm2341875
tt9821008	nm5396389	nm5335850
tt9821010	nm9769325	nm3942977
tt9821012	\N	\N
tt9821014	nm6175767	nm6175767
tt9821016	nm0644554	\N
tt9821018	\N	\N
tt9821022	nm1097638,nm5276347	\N
tt9821024	nm1857400	nm3653217
tt9821026	\N	\N
tt9821028	nm5201730	\N
tt9821030	\N	\N
tt9821032	nm9968785	nm9968785
tt9821034	nm1636684	nm1636684,nm1460328
tt9821036	\N	\N
tt9821038	\N	\N
tt9821040	nm0999515	\N
tt9821042	\N	\N
tt9821044	\N	\N
tt9821046	\N	\N
tt9821048	nm0455701	nm11344487,nm0401744
tt9821050	nm3412202	nm3412202
tt9821052	\N	\N
tt9821054	\N	\N
tt9821056	nm5201730	\N
tt9821058	\N	\N
tt9821060	\N	\N
tt9821062	\N	\N
tt9821064	nm0619599,nm0239259,nm1202249	nm0844327,nm1804726,nm2808738,nm0034201,nm0182911,nm10318839,nm5375579
tt9821066	\N	\N
tt9821068	nm6168642,nm6168641,nm10374390	nm6168642,nm6168641,nm10374390
tt9821072	nm5201730	\N
tt9821074	nm4266178,nm1164475	nm4266178,nm6302954
tt9821076	nm5414327	nm5414327
tt9821078	nm8223000	nm8376527
tt9821080	nm1621646	\N
tt9821084	nm5201730	\N
tt9821088	nm5201730	\N
tt9821090	nm7652043	nm7652043
tt9821092	nm1455104	\N
tt9821094	\N	\N
tt9821096	nm2326768	nm2326768
tt9821098	\N	\N
tt9821100	nm5201730	\N
tt9821102	nm2830769	\N
tt9821104	nm2830769	\N
tt9821106	nm10499478,nm10499947	nm10499474,nm10499475,nm10499476,nm10499946,nm10499477
tt9821108	nm0913829	nm0913829
tt9821110	\N	nm10344098
tt9821112	\N	\N
tt9821114	\N	\N
tt9821116	nm5201730	\N
tt9821118	\N	nm0945883
tt9821120	nm0277727	nm0277727
tt9821124	nm8376527	nm8376527
tt9821126	nm5201730	\N
tt9821128	\N	\N
tt9821130	nm6460408	\N
tt9821134	nm8175696,nm2770404	nm2731208
tt9821136	\N	nm4100045,nm2017181,nm4100266,nm0435932,nm3446079,nm5285101,nm6944005,nm4099797
tt9821138	\N	\N
tt9821140	nm1908112	nm1908112
tt9821142	\N	\N
tt9821144	\N	nm3494529
tt9821146	\N	\N
tt9821148	\N	nm2429688
tt9821152	\N	\N
tt9821154	\N	\N
tt9821156	\N	\N
tt9821160	\N	\N
tt9821162	\N	\N
tt9821164	nm7652043	nm7652043
tt9821166	nm1093039	nm1093039,nm0416556,nm1530627
tt9821168	nm1771598	\N
tt9821170	\N	\N
tt9821174	nm1166492	\N
tt9821176	nm1248150	\N
tt9821178	nm1166492	\N
tt9821180	nm5097863	\N
tt9821182	nm5097863	\N
tt9821186	\N	\N
tt9821188	\N	\N
tt9821190	nm1166492	\N
tt9821192	\N	\N
tt9821194	nm7783734,nm8549220	nm8549220,nm7783734
tt9821196	\N	\N
tt9821198	nm4292265	nm0345947,nm1629856
tt9821200	nm6122440,nm2605840	nm1758536
tt9821204	nm3749908	\N
tt9821206	nm1166492	\N
tt9821208	\N	\N
tt9821210	nm0178694	nm1551596
tt9821212	nm3749908	\N
tt9821214	\N	\N
tt9821216	nm9461984	nm10495613,nm9461984
tt9821218	nm1166492	\N
tt9821220	\N	\N
tt9821222	nm3749908	\N
tt9821224	\N	\N
tt9821226	nm1166492	\N
tt9821228	\N	\N
tt9821230	nm3749908	\N
tt9821232	\N	\N
tt9821234	\N	\N
tt9821236	nm3749908	\N
tt9821238	nm1823242	nm1823242
tt9821240	\N	\N
tt9821242	nm0178694	nm1551596
tt9821244	nm3749908	\N
tt9821246	nm2095296	\N
tt9821248	\N	nm2998356,nm3466623
tt9821250	\N	\N
tt9821252	\N	\N
tt9821254	\N	\N
tt9821256	\N	\N
tt9821258	nm3749908	\N
tt9821260	\N	nm7442348,nm7047668
tt9821262	nm1679333,nm10338885	nm10435335,nm10495628
tt9821264	\N	\N
tt9821266	nm4734882	nm4734882
tt9821268	\N	nm3220687
tt9821270	nm0178694	nm1551596
tt9821272	nm3749908	\N
tt9821274	nm3749908	\N
tt9821276	nm5575053	\N
tt9821278	\N	\N
tt9821280	nm8218755	nm8218755,nm8410167
tt9821282	nm3749908	\N
tt9821284	nm1351686	\N
tt9821286	\N	\N
tt9821288	\N	\N
tt9821290	nm1351686	\N
tt9821294	\N	\N
tt9821296	\N	\N
tt9821298	\N	\N
tt9821300	nm3749908	\N
tt9821304	\N	\N
tt9821306	nm0223688	nm2272109,nm1001621
tt9821308	\N	\N
tt9821312	\N	\N
tt9821314	\N	\N
tt9821316	nm9372031	\N
tt9821318	\N	\N
tt9821320	\N	\N
tt9821322	nm10494632	nm8355707,nm10494630,nm10494631
tt9821324	nm10494632	nm8355707,nm10494630,nm10494631
tt9821326	nm10494632	nm8355707,nm10494630,nm10494631
tt9821328	nm0799622	nm0925317,nm0237705,nm1153496,nm0669149,nm0168883
tt9821330	nm10494632	nm8355707,nm10494630,nm10494631
tt9821332	\N	\N
tt9821334	nm10494632	nm8355707,nm10494630,nm10494631
tt9821336	nm10494632	nm8355707,nm10494630,nm10494631
tt9821338	nm10494632	nm8355707,nm10494630,nm10494631
tt9821340	nm10494632	nm8355707,nm10494630,nm10494631
tt9821342	\N	\N
tt9821344	nm10494632	nm8355707,nm10494630,nm10494631
tt9821346	nm10494632	nm8355707,nm10494630,nm10494631
tt9821348	nm10494632	nm8355707,nm10494630,nm10494631
tt9821350	nm10494632	nm8355707,nm10494630,nm10494631
tt9821352	nm10494632	nm8355707,nm10494630,nm10494631
tt9821354	nm10494632	nm8355707,nm10494630,nm10494631
tt9821356	\N	\N
tt9821358	nm10494632	nm8355707,nm10494630,nm10494631
tt9821360	nm10494632	nm8355707,nm10494630,nm10494631
tt9821362	nm10494632	nm8355707,nm10494630,nm10494631
tt9821364	nm10494632	nm8355707,nm10494630,nm10494631
tt9821366	nm10494632	nm8355707,nm10494630,nm10494631
tt9821368	\N	\N
tt9821370	nm10494632	nm8355707,nm10494630,nm10494631
tt9821372	\N	\N
tt9821374	\N	\N
tt9821378	\N	\N
tt9821380	\N	\N
tt9821382	\N	\N
tt9821384	nm3749908	\N
tt9821386	\N	\N
tt9821388	\N	\N
tt9821390	nm10494632	nm8355707,nm10494630,nm10494631
tt9821392	nm10494632	nm8355707,nm10494630,nm10494631
tt9821394	\N	\N
tt9821396	nm10494632	nm8355707,nm10494630,nm10494631
tt9821398	nm10494632	nm8355707,nm10494630,nm10494631
tt9821400	nm10494632	nm8355707,nm10494630,nm10494631
tt9821402	nm10494632	nm8355707,nm10494630,nm10494631
tt9821404	nm10494632	nm8355707,nm10494630,nm10494631
tt9821406	\N	\N
tt9821408	nm10494632	nm8355707,nm10494630,nm10494631
tt9821410	\N	\N
tt9821412	nm10494632	nm8355707,nm10494630,nm10494631
tt9821414	nm10494632	nm8355707,nm10494630,nm10494631
tt9821416	nm10494632	nm8355707,nm10494630,nm10494631
tt9821418	nm10494632	nm8355707,nm10494630,nm10494631
tt9821420	nm10494632	nm8355707,nm10494630,nm10494631
tt9821422	nm10494632	nm8355707,nm10494630,nm10494631
tt9821424	nm10494632	nm8355707,nm10494630,nm10494631
tt9821426	nm10494632	nm8355707,nm10494630,nm10494631
tt9821428	nm10494632	nm8355707,nm10494630,nm10494631
tt9821430	nm10494632	nm8355707,nm10494630,nm10494631
tt9821432	nm0223688	nm2272109,nm1001621
tt9821434	nm10494632	nm8355707,nm10494630,nm10494631
tt9821436	nm10494632	nm8355707,nm10494630,nm10494631
tt9821438	nm10494632	nm8355707,nm10494630,nm10494631
tt9821440	nm10494632	nm8355707,nm10494630,nm10494631
tt9821442	nm10494632	nm8355707,nm10494630,nm10494631
tt9821444	nm10494632	nm8355707,nm10494630,nm10494631
tt9821446	nm10494632	nm8355707,nm10494630,nm10494631
tt9821448	nm10494632	nm8355707,nm10494630,nm10494631
tt9821450	nm10494632	nm8355707,nm10494630,nm10494631
tt9821452	nm10494632	nm8355707,nm10494630,nm10494631
tt9821454	\N	\N
tt9821456	nm10494632	nm8355707,nm10494630,nm10494631
tt9821458	nm10494632	nm8355707,nm10494630,nm10494631
tt9821460	nm10494632	nm8355707,nm10494630,nm10494631
tt9821462	nm1526987	nm1403419
tt9821464	nm10494632	nm8355707,nm10494630,nm10494631
tt9821466	nm10494632	nm8355707,nm10494630,nm10494631
tt9821468	nm10494632	nm8355707,nm10494630,nm10494631
tt9821470	nm10494632	nm8355707,nm10494630,nm10494631
tt9821472	nm10494632	nm8355707,nm10494630,nm10494631
tt9821474	nm10494632	nm8355707,nm10494630,nm10494631
tt9821476	nm10494632	nm8355707,nm10494630,nm10494631
tt9821478	nm3301874	\N
tt9821480	nm10494632	nm8355707,nm10494630,nm10494631
tt9821482	nm10494632	nm8355707,nm10494630,nm10494631
tt9821484	nm10494632	nm8355707,nm10494630,nm10494631
tt9821486	nm10494632	nm8355707,nm10494630,nm10494631
tt9821488	nm10494632	nm8355707,nm10494630,nm10494631
tt9821490	nm10494632	nm8355707,nm10494630,nm10494631
tt9821492	nm10494632	nm8355707,nm10494630,nm10494631
tt9821494	nm10494632	nm8355707,nm10494630,nm10494631
tt9821496	nm10494632	nm8355707,nm10494630,nm10494631
tt9821498	nm10494632	nm8355707,nm10494630,nm10494631
tt9821500	nm10494632	nm8355707,nm10494630,nm10494631
tt9821502	nm10494632	nm8355707,nm10494630,nm10494631
tt9821504	nm10494632	nm8355707,nm10494630,nm10494631
tt9821506	\N	nm9689738
tt9821508	\N	\N
tt9821510	nm10494632	nm8355707,nm10494630,nm10494631
tt9821512	nm10494632	nm8355707,nm10494630,nm10494631
tt9821514	nm10494632	nm8355707,nm10494630,nm10494631
tt9821516	nm10494632	nm8355707,nm10494630,nm10494631
tt9821518	nm10494632	nm8355707,nm10494630,nm10494631
tt9821520	nm10494632	nm8355707,nm10494630,nm10494631
tt9821522	nm10494632	nm8355707,nm10494630,nm10494631
tt9821526	nm10494632	nm8355707,nm10494630,nm10494631
tt9821528	nm4370468	nm4507238,nm4370468
tt9821530	nm10494632	nm8355707,nm10494630,nm10494631
tt9821532	nm10494632	nm8355707,nm10494630,nm10494631
tt9821534	nm10494632	nm8355707,nm10494630,nm10494631
tt9821536	nm10494632	nm8355707,nm10494630,nm10494631
tt9821538	nm10494632	nm8355707,nm10494630,nm10494631
tt9821540	nm10494632	nm8355707,nm10494630,nm10494631
tt9821542	nm10494632	nm8355707,nm10494630,nm10494631
tt9821544	nm10494632	nm8355707,nm10494630,nm10494631
tt9821546	nm10494632	nm8355707,nm10494630,nm10494631
tt9821548	nm10494632	nm8355707,nm10494630,nm10494631
tt9821550	nm10494632	nm8355707,nm10494630,nm10494631
tt9821552	nm10494632	nm8355707,nm10494630,nm10494631
tt9821554	nm10494632	nm8355707,nm10494630,nm10494631
tt9821556	nm10494632	nm8355707,nm10494630,nm10494631
tt9821558	nm10494632	nm8355707,nm10494630,nm10494631
tt9821560	nm10494632	nm8355707,nm10494630,nm10494631
tt9821562	nm10494632	nm8355707,nm10494630,nm10494631
tt9821564	nm10494632	nm8355707,nm10494630,nm10494631
tt9821566	nm10494632	nm8355707,nm10494630,nm10494631
tt9821568	nm10494632	nm8355707,nm10494630,nm10494631
tt9821570	nm10494632	nm8355707,nm10494630,nm10494631
tt9821572	nm0223688	nm2272109,nm1001621
tt9821574	nm10494632	nm8355707,nm10494630,nm10494631
tt9821576	nm10494632	nm8355707,nm10494630,nm10494631
tt9821578	nm10494632	nm8355707,nm10494630,nm10494631
tt9821580	nm10494632	nm8355707,nm10494630,nm10494631
tt9821582	nm10494632	nm8355707,nm10494630,nm10494631
tt9821584	nm10494632	nm8355707,nm10494630,nm10494631
tt9821586	nm10494632	nm8355707,nm10494630,nm10494631
tt9821588	nm10494632	nm8355707,nm10494630,nm10494631
tt9821590	nm10494632	nm8355707,nm10494630,nm10494631
tt9821592	nm10494632	nm8355707,nm10494630,nm10494631
tt9821594	nm10488688	nm10170903
tt9821596	nm10488688	nm10170903
tt9821598	nm10488688	nm10170903
tt9821600	nm10488688	nm10170903
tt9821602	nm10488688	nm10170903
tt9821604	nm10488688	nm10170903
tt9821606	nm10488688	nm10170903
tt9821608	nm10488688	nm10170903
tt9821610	nm10488688	nm10170903
tt9821612	nm10488688	nm10170903
tt9821614	nm10488688	nm10170903
tt9821616	nm10488688	nm10170903
tt9821618	nm10488688	nm10170903
tt9821620	nm10488688	nm10170903
tt9821622	nm10488688	nm10170903
tt9821624	nm10488688	nm10170903
tt9821626	nm10488688	nm10170903
tt9821628	nm10488688	nm10170903
tt9821630	nm10488688	nm10170903
tt9821632	nm10488688	nm10170903
tt9821634	\N	\N
tt9821638	nm10488688	nm10170903
tt9821642	nm10488688	nm10170903
tt9821644	nm10488688	nm10170903
tt9821646	nm9701227	nm9701227
tt9821648	nm10488688	nm10170903
tt9821650	nm10488688	nm10170903
tt9821652	nm10488688	nm10170903
tt9821654	nm10488688	nm10170903
tt9821656	\N	nm4297264
tt9821658	nm10488688	nm10170903
tt9821660	nm10488688	nm10170903
tt9821662	nm10488688	nm10170903
tt9821664	nm10488688	nm10170903
tt9821666	nm10496026	nm10496026
tt9821668	nm10488688	nm10170903
tt9821670	nm10488688	nm10170903
tt9821672	nm10488688	nm10170903
tt9821674	nm10488688	nm10170903
tt9821676	nm10488688	nm10170903
tt9821678	nm10488688	nm10170903
tt9821680	nm10488688	nm10170903
tt9821682	nm10488688	nm10170903
tt9821684	nm10488688	nm10170903
tt9821686	\N	\N
tt9821688	nm9956145	nm9956147
tt9821690	nm9956145	nm9956147
tt9821692	nm9956145	nm9956147
tt9821694	nm9956145	nm9956147
tt9821696	nm9956145	nm9956147
tt9821698	nm9956145	nm9956147
tt9821700	nm7783734	nm7783734
tt9821702	nm9956145	nm9956147
tt9821704	nm9956145	nm9956147
tt9821706	nm9956145	nm9956147
tt9821708	nm9956145	nm9956147
tt9821710	nm9956145	nm9956147
tt9821712	nm9956145	nm9956147
tt9821714	nm9956145	nm9956147
tt9821716	nm9956145	nm9956147
tt9821718	nm9956145	nm9956147
tt9821720	nm9956145	nm9956147
tt9821722	nm9956145	nm9956147
tt9821724	nm9956145	nm9956147
tt9821726	nm9956145	nm9956147
tt9821728	nm9956145	nm9956147
tt9821730	nm7071150	nm1938675
tt9821732	nm9956145	nm9956147
tt9821734	nm1351686	\N
tt9821736	nm9956145	nm9956147
tt9821738	nm9956145	nm9956147
tt9821740	nm1699679	nm4673917,nm10134238,nm3280530
tt9821742	nm9956145	nm9956147
tt9821744	nm9956145	nm9956147
tt9821746	nm9956145	nm9956147
tt9821748	nm9956145	nm9956147
tt9821750	nm9956145	nm9956147
tt9821752	nm9956145	nm9956147
tt9821754	nm9956145	nm9956147
tt9821756	nm9956145	nm9956147
tt9821758	nm9956145	nm9956147
tt9821760	nm9956145	nm9956147
tt9821762	nm9956145	nm9956147
tt9821764	nm9956145	nm9956147
tt9821766	nm9956145	nm9956147
tt9821768	nm9956145	nm9956147
tt9821770	nm9956145	nm9956147
tt9821772	nm9956145	nm9956147
tt9821774	nm9956145	nm9956147
tt9821776	nm3815963,nm12753286	nm6184490,nm3251890,nm5170504,nm6311481,nm3784276,nm6427251,nm4726661,nm1258512,nm6184489
tt9821778	nm3815963,nm12753286	nm6184490,nm3251890,nm5170504,nm6311481,nm3784276,nm6427251,nm4726661,nm1258512,nm6184489
tt9821780	nm12753286,nm3815963	nm6184490,nm3251890,nm5170504,nm6311481,nm3784276,nm6427251,nm4726661,nm1258512,nm6184489
tt9821782	nm3815963,nm12753286	nm6184490,nm3251890,nm5170504,nm6311481,nm3784276,nm6427251,nm4726661,nm1258512,nm6184489
tt9821784	nm3815963,nm12753286	nm6184490,nm3251890,nm5170504,nm6311481,nm3784276,nm6427251,nm4726661,nm1258512,nm6184489
tt9821786	nm12753286,nm3815963	nm6184490,nm3251890,nm5170504,nm6311481,nm3784276,nm6427251,nm4726661,nm1258512,nm6184489
tt9821788	nm3815963,nm12753286	nm6184490,nm3251890,nm5170504,nm6311481,nm3784276,nm6427251,nm4726661,nm1258512,nm6184489
tt9821790	nm3815963,nm12753286	nm6184490,nm3251890,nm5170504,nm6311481,nm3784276,nm6427251,nm4726661,nm1258512,nm6184489
tt9821792	nm3815963,nm12753286	nm6184490,nm3251890,nm5170504,nm6311481,nm3784276,nm6427251,nm4726661,nm1258512,nm6184489
tt9821794	nm3815963,nm12753286	nm6184490,nm3251890,nm5170504,nm6311481,nm3784276,nm6427251,nm4726661,nm1258512,nm6184489
tt9821796	nm3815963,nm12753286	nm6184490,nm3251890,nm5170504,nm6311481,nm3784276,nm6427251,nm4726661,nm1258512,nm6184489
tt9821798	nm12753286,nm3815963	nm6184490,nm3251890,nm5170504,nm6311481,nm3784276,nm6427251,nm4726661,nm1258512,nm6184489
tt9821800	nm12753286,nm3815963	nm6184490,nm3251890,nm5170504,nm6311481,nm3784276,nm6427251,nm4726661,nm1258512,nm6184489
tt9821802	nm3815963,nm12753286	nm6184490,nm3251890,nm5170504,nm6311481,nm3784276,nm6427251,nm4726661,nm1258512,nm6184489
tt9821804	nm3815963	nm6184490,nm3251890,nm5170504,nm6311481,nm3784276,nm6427251,nm4726661,nm1258512,nm6184489
tt9821806	nm3815963	nm6184490,nm3251890,nm5170504,nm6311481,nm3784276,nm6427251,nm4726661,nm1258512,nm6184489
tt9821808	nm3815963	nm6184490,nm3251890,nm5170504,nm6311481,nm3784276,nm6427251,nm4726661,nm1258512,nm6184489
tt9821810	nm3815963	nm6184490,nm3251890,nm5170504,nm6311481,nm3784276,nm6427251,nm4726661,nm1258512,nm6184489
tt9821812	nm3815963	nm6184490,nm3251890,nm5170504,nm6311481,nm3784276,nm6427251,nm4726661,nm1258512,nm6184489
tt9821814	nm3815963	nm6184490,nm3251890,nm5170504,nm6311481,nm3784276,nm6427251,nm4726661,nm1258512,nm6184489
tt9821816	nm1667633	nm5607670,nm5608222,nm5607998,nm1939626,nm5608739
tt9821818	nm1667633	nm5607670,nm5608222,nm5607998,nm1939626,nm5608739
tt9821820	nm1667633	nm5607670,nm5608222,nm5607998,nm1939626,nm5608739
tt9821822	nm1667633	nm5607670,nm5608222,nm5607998,nm1939626,nm5608739
tt9821824	nm1667633	nm5607670,nm5608222,nm5607998,nm1939626,nm5608739
tt9821826	nm1667633	nm5607670,nm5608222,nm5607998,nm1939626,nm5608739
tt9821828	nm1667633	nm5607670,nm5608222,nm5607998,nm1939626,nm5608739
tt9821830	nm5609600	nm5171767
tt9821832	nm1667633	nm5607670,nm5608222,nm5607998,nm1939626,nm5608739
tt9821834	nm3955278	nm7711924,nm3955278
tt9821836	nm1667633	nm5607670,nm5608222,nm5607998,nm1939626,nm5608739
tt9821838	nm1667633	nm5607670,nm5608222,nm5607998,nm1939626,nm5608739
tt9821842	nm1667633	nm5607670,nm5608222,nm5607998,nm1939626,nm5608739
tt9821844	nm1667633	nm5607670,nm5608222,nm5607998,nm1939626,nm5608739
tt9821846	nm1667633	nm5607670,nm5608222,nm5607998,nm1939626,nm5608739
tt9821848	nm1667633	nm5607670,nm5608222,nm5607998,nm1939626,nm5608739
tt9821850	nm1667633	nm5607670,nm5608222,nm5607998,nm1939626,nm5608739
tt9821852	nm1667633	nm5607670,nm5608222,nm5607998,nm1939626,nm5608739
tt9821854	nm1667633	nm5607670,nm5608222,nm5607998,nm1939626,nm5608739
tt9821856	nm1667633	nm5607670,nm5608222,nm5607998,nm1939626,nm5608739
tt9821858	nm1667633	nm5607670,nm5608222,nm5607998,nm1939626,nm5608739
tt9821860	nm1667633	nm5607670,nm5608222,nm5607998,nm1939626,nm5608739
tt9821862	nm8706928,nm9562214	nm6202142,nm9022084,nm4609476,nm1199935,nm6181064,nm8245357
tt9821864	nm8706928,nm9562214	nm6202142,nm9022084,nm4609476,nm1199935,nm6181064,nm8245357
tt9821866	nm8706928,nm9562214	nm6202142,nm9022084,nm4609476,nm1199935,nm6181064,nm8245357
tt9821868	nm8706928,nm9562214	nm6202142,nm9022084,nm4609476,nm1199935,nm6181064,nm8245357
tt9821870	nm8706928,nm9562214	nm6202142,nm9022084,nm4609476,nm1199935,nm6181064,nm8245357
tt9821872	nm8706928,nm9562214	nm6202142,nm9022084,nm4609476,nm1199935,nm6181064,nm8245357
tt9821874	nm8706928,nm9562214	nm6202142,nm9022084,nm4609476,nm1199935,nm6181064,nm8245357
tt9821876	nm9562214,nm8706928	nm6202142,nm9022084,nm4609476,nm1199935,nm6181064,nm8245357
tt9821878	nm8706928,nm9562214	nm6202142,nm9022084,nm4609476,nm1199935,nm6181064,nm8245357
tt9821884	nm9562214,nm8706928	nm6202142,nm9022084,nm4609476,nm1199935,nm6181064,nm8245357
tt9821886	nm8706928,nm9562214	nm6202142,nm9022084,nm4609476,nm1199935,nm6181064,nm8245357
tt9821888	nm9562214,nm8706928	nm6202142,nm9022084,nm4609476,nm1199935,nm6181064,nm8245357
tt9821890	nm9562214,nm8706928	nm6202142,nm9022084,nm4609476,nm1199935,nm6181064,nm8245357
tt9821892	nm8706928,nm9562214	nm6202142,nm9022084,nm4609476,nm1199935,nm6181064,nm8245357
tt9821894	nm8706928,nm9562214	nm6202142,nm9022084,nm4609476,nm1199935,nm6181064,nm8245357
tt9821896	nm8706928,nm9562214	nm6202142,nm9022084,nm4609476,nm1199935,nm6181064,nm8245357
tt9821898	nm9562214,nm8706928	nm6202142,nm9022084,nm4609476,nm1199935,nm6181064,nm8245357
tt9821900	nm9562214,nm8706928	nm6202142,nm9022084,nm4609476,nm1199935,nm6181064,nm8245357
tt9821902	nm8706928,nm9562214	nm6202142,nm9022084,nm4609476,nm1199935,nm6181064,nm8245357
tt9821904	nm8706928,nm9562214	nm6202142,nm9022084,nm4609476,nm1199935,nm6181064,nm8245357
tt9821906	nm8706928,nm9562214	nm6202142,nm9022084,nm4609476,nm1199935,nm6181064,nm8245357
tt9821908	nm8706928,nm9562214	nm6202142,nm9022084,nm4609476,nm1199935,nm6181064,nm8245357
tt9821910	nm8706928,nm9562214	nm6202142,nm9022084,nm4609476,nm1199935,nm6181064,nm8245357
tt9821912	nm9562214,nm8706928	nm6202142,nm9022084,nm4609476,nm1199935,nm6181064,nm8245357
tt9821914	nm8706928,nm9562214	nm6202142,nm9022084,nm4609476,nm1199935,nm6181064,nm8245357
tt9821916	nm9562214,nm8706928	nm6202142,nm9022084,nm4609476,nm1199935,nm6181064,nm8245357
tt9821918	nm8706928,nm9562214	nm6202142,nm9022084,nm4609476,nm1199935,nm6181064,nm8245357
tt9821920	nm9562214,nm8706928	nm6202142,nm9022084,nm4609476,nm1199935,nm6181064,nm8245357
tt9821922	nm8706928,nm9562214	nm6202142,nm9022084,nm4609476,nm1199935,nm6181064,nm8245357
tt9821924	nm8706928,nm9562214	nm6202142,nm9022084,nm4609476,nm1199935,nm6181064,nm8245357
tt9821926	nm8706928,nm9562214	nm6202142,nm9022084,nm4609476,nm1199935,nm6181064,nm8245357
tt9821928	nm9562214,nm8706928	nm6202142,nm9022084,nm4609476,nm1199935,nm6181064,nm8245357
tt9821930	nm8706928,nm9562214	nm6202142,nm9022084,nm4609476,nm1199935,nm6181064,nm8245357
tt9821932	nm8706928,nm9562214	nm6202142,nm9022084,nm4609476,nm1199935,nm6181064,nm8245357
tt9821934	nm9562214,nm8706928	nm6202142,nm9022084,nm4609476,nm1199935,nm6181064,nm8245357
tt9821936	nm8706928,nm9562214	nm6202142,nm9022084,nm4609476,nm1199935,nm6181064,nm8245357
tt9821938	nm8706928,nm9562214	nm6202142,nm9022084,nm4609476,nm1199935,nm6181064,nm8245357
tt9821940	nm8706928,nm9562214	nm6202142,nm9022084,nm4609476,nm1199935,nm6181064,nm8245357
tt9821942	nm9562214,nm8706928	nm6202142,nm9022084,nm4609476,nm1199935,nm6181064,nm8245357
tt9821944	nm8706928,nm9562214	nm6202142,nm9022084,nm4609476,nm1199935,nm6181064,nm8245357
tt9821946	nm6152793	nm6152793
tt9821948	nm2381192,nm2828308	nm1984342
tt9821950	nm2151599,nm7207144	nm8126550,nm6311481
tt9821952	nm7207144,nm2151599	nm8126550,nm6311481
tt9821954	nm2151599,nm7207144	nm8126550,nm6311481
tt9821956	nm0341867	\N
tt9821958	nm2381192,nm2828308	nm1984342
tt9821960	nm2151599,nm7207144	nm8126550,nm6311481
tt9821962	nm7207144,nm2151599	nm8126550,nm6311481
tt9821964	nm7207144,nm2151599	nm8126550,nm6311481
tt9821966	nm2151599,nm7207144	nm8126550,nm6311481
tt9821968	nm7207144,nm2151599	nm8126550,nm6311481
tt9821970	nm7207144,nm2151599	nm8126550,nm6311481
tt9821972	nm7207144,nm2151599	nm8126550,nm6311481
tt9821974	nm2151599,nm7207144	nm8126550,nm6311481
tt9821976	nm7207144,nm2151599	nm8126550,nm6311481
tt9821978	nm7207144,nm2151599	nm8126550,nm6311481
tt9821980	nm7207144,nm2151599	nm8126550,nm6311481
tt9821982	nm7207144,nm2151599	nm8126550,nm6311481
tt9821984	nm7207144,nm2151599	nm8126550,nm6311481
tt9821986	nm7207144,nm2151599	nm8126550,nm6311481
tt9821990	nm7207144,nm2151599	nm8126550,nm6311481
tt9821992	nm7207144,nm2151599	nm8126550,nm6311481
tt9821994	nm2151599,nm7207144	nm8126550,nm6311481
tt9821996	nm7207144,nm2151599	nm8126550,nm6311481
tt9821998	nm7207144,nm2151599	nm8126550,nm6311481
tt9822000	nm8383275	nm4183095
tt9822002	nm2151599,nm7207144	nm8126550,nm6311481
tt9822004	nm7207144,nm2151599	nm8126550,nm6311481
tt9822006	nm5303029	nm1183861,nm0480782
tt9822008	nm2151599,nm7207144	nm8126550,nm6311481
tt9822010	nm7207144,nm2151599	nm8126550,nm6311481
tt9822012	nm2151599,nm7207144	nm8126550,nm6311481
tt9822014	nm2151599,nm7207144	nm8126550,nm6311481
tt9822016	nm7207144,nm2151599	nm8126550,nm6311481
tt9822018	nm7207144,nm2151599	nm8126550,nm6311481
tt9822020	nm7207144,nm2151599	nm8126550,nm6311481
tt9822022	nm2151599,nm7207144	nm8126550,nm6311481
tt9822024	nm7207144,nm2151599	nm8126550,nm6311481
tt9822026	\N	\N
tt9822028	nm2151599,nm7207144	nm8126550,nm6311481
tt9822030	nm7207144,nm2151599	nm8126550,nm6311481
tt9822032	nm2151599,nm7207144	nm8126550,nm6311481
tt9822034	nm7207144,nm2151599	nm8126550,nm6311481
tt9822036	nm7207144,nm2151599	nm8126550,nm6311481
tt9822038	nm7207144,nm2151599	nm8126550,nm6311481
tt9822040	nm7207144,nm2151599	nm8126550,nm6311481
tt9822042	\N	\N
tt9822044	nm7207144,nm2151599	nm8126550,nm6311481
tt9822046	nm3741218	nm3741218
tt9822048	nm2151599,nm7207144	nm8126550,nm6311481
tt9822050	nm7207144,nm2151599	nm8126550,nm6311481
tt9822052	nm7207144,nm2151599	nm8126550,nm6311481
tt9822054	nm2151599,nm7207144	nm8126550,nm6311481
tt9822056	nm7207144,nm2151599	nm8126550,nm6311481
tt9822058	nm7207144,nm2151599	nm8126550,nm6311481
tt9822060	nm9788985	\N
tt9822062	nm7207144,nm2151599	nm8126550,nm6311481
tt9822064	nm7207144,nm2151599	nm8126550,nm6311481
tt9822066	nm7207144,nm2151599	nm8126550,nm6311481
tt9822068	nm2151599,nm7207144	nm8126550,nm6311481
tt9822070	nm7207144,nm2151599	nm8126550,nm6311481
tt9822072	nm7207144,nm2151599	nm8126550,nm6311481
tt9822074	nm7207144,nm2151599	nm8126550,nm6311481
tt9822076	nm2151599,nm7207144	nm8126550,nm6311481
tt9822078	nm2151599,nm7207144	nm8126550,nm6311481
tt9822080	nm7207144,nm2151599	nm8126550,nm6311481
tt9822082	nm7207144,nm2151599	nm8126550,nm6311481
tt9822084	nm7207144,nm2151599	nm8126550,nm6311481
tt9822086	nm2151599,nm7207144	nm8126550,nm6311481
tt9822088	nm7207144,nm2151599	nm8126550,nm6311481
tt9822090	nm2151599,nm7207144	nm8126550,nm6311481
tt9822092	nm0887153	nm6166972
tt9822094	nm7207144,nm2151599	nm8126550,nm6311481
tt9822096	nm2151599,nm7207144	nm8126550,nm6311481
tt9822100	nm3058370	nm5156036,nm4379163,nm4470706,nm3872633,nm3575029,nm5443466
tt9822102	nm3058370	nm5156036,nm4379163,nm4470706,nm3872633,nm3575029,nm5443466
tt9822104	nm3058370	nm5156036,nm4379163,nm4470706,nm3872633,nm3575029,nm5443466
tt9822106	nm3058370	nm5156036,nm4379163,nm4470706,nm3872633,nm3575029,nm5443466
tt9822108	nm3058370	nm5156036,nm4379163,nm4470706,nm3872633,nm3575029,nm5443466
tt9822110	nm3058370	nm5156036,nm4379163,nm4470706,nm3872633,nm3575029,nm5443466
tt9822112	nm3058370	nm5156036,nm4379163,nm4470706,nm3872633,nm3575029,nm5443466
tt9822114	nm3058370	nm5156036,nm4379163,nm4470706,nm3872633,nm3575029,nm5443466
tt9822116	nm3058370	nm5156036,nm4379163,nm4470706,nm3872633,nm3575029,nm5443466
tt9822118	nm3058370	nm5156036,nm4379163,nm4470706,nm3872633,nm3575029,nm5443466
tt9822120	nm3058370	nm5156036,nm4379163,nm4470706,nm3872633,nm3575029,nm5443466
tt9822122	nm3058370	nm5156036,nm4379163,nm4470706,nm3872633,nm3575029,nm5443466
tt9822124	nm3058370	nm5156036,nm4379163,nm4470706,nm3872633,nm3575029,nm5443466
tt9822126	\N	\N
tt9822128	nm3058370	nm5156036,nm4379163,nm4470706,nm3872633,nm3575029,nm5443466
tt9822130	nm3058370	nm5156036,nm4379163,nm4470706,nm3872633,nm3575029,nm5443466
tt9822132	nm3058370	nm5156036,nm4379163,nm4470706,nm3872633,nm3575029,nm5443466
tt9822134	nm3058370	nm5156036,nm4379163,nm4470706,nm3872633,nm3575029,nm5443466
tt9822136	nm3058370	nm5156036,nm4379163,nm4470706,nm3872633,nm3575029,nm5443466
tt9822138	nm3058370	nm5156036,nm4379163,nm4470706,nm3872633,nm3575029,nm5443466
tt9822140	nm3058370	nm5156036,nm4379163,nm4470706,nm3872633,nm3575029,nm5443466
tt9822142	nm3058370	nm5156036,nm4379163,nm4470706,nm3872633,nm3575029,nm5443466
tt9822144	nm3058370	nm5156036,nm4379163,nm4470706,nm3872633,nm3575029,nm5443466
tt9822146	nm3058370	nm5156036,nm4379163,nm4470706,nm3872633,nm3575029,nm5443466
tt9822148	nm3058370	nm5156036,nm4379163,nm4470706,nm3872633,nm3575029,nm5443466
tt9822150	nm3058370	nm5156036,nm4379163,nm4470706,nm3872633,nm3575029,nm5443466
tt9822152	nm3058370	nm5156036,nm4379163,nm4470706,nm3872633,nm3575029,nm5443466
tt9822154	nm3058370	nm5156036,nm4379163,nm4470706,nm3872633,nm3575029,nm5443466
tt9822156	nm3058370	nm5156036,nm4379163,nm4470706,nm3872633,nm3575029,nm5443466
tt9822158	nm3058370	nm5156036,nm4379163,nm4470706,nm3872633,nm3575029,nm5443466
tt9822160	nm3058370	nm5156036,nm4379163,nm4470706,nm3872633,nm3575029,nm5443466
tt9822162	nm3058370	nm5156036,nm4379163,nm4470706,nm3872633,nm3575029,nm5443466
tt9822164	nm3058370	nm5156036,nm4379163,nm4470706,nm3872633,nm3575029,nm5443466
tt9822166	nm3058370	nm5156036,nm4379163,nm4470706,nm3872633,nm3575029,nm5443466
tt9822168	nm2578816	nm6969864
tt9822170	nm10486736,nm10486737	\N
tt9822172	nm3058370	nm5156036,nm4379163,nm4470706,nm3872633,nm3575029,nm5443466
tt9822174	nm3058370	nm5156036,nm4379163,nm4470706,nm3872633,nm3575029,nm5443466
tt9822176	nm3058370	nm5156036,nm4379163,nm4470706,nm3872633,nm3575029,nm5443466
tt9822178	nm3058370	nm5156036,nm4379163,nm4470706,nm3872633,nm3575029,nm5443466
tt9822180	nm3058370	nm5156036,nm4379163,nm4470706,nm3872633,nm3575029,nm5443466
tt9822182	nm3058370	nm5156036,nm4379163,nm4470706,nm3872633,nm3575029,nm5443466
tt9822184	nm3058370	nm5156036,nm4379163,nm4470706,nm3872633,nm3575029,nm5443466
tt9822186	\N	\N
tt9822188	nm3058370	nm5156036,nm4379163,nm4470706,nm3872633,nm3575029,nm5443466
tt9822190	nm3058370	nm5156036,nm4379163,nm4470706,nm3872633,nm3575029,nm5443466
tt9822192	nm3058370	nm5156036,nm4379163,nm4470706,nm3872633,nm3575029,nm5443466
tt9822194	nm3058370	nm5156036,nm4379163,nm4470706,nm3872633,nm3575029,nm5443466
tt9822196	\N	\N
tt9822198	nm3058370	nm5156036,nm4379163,nm4470706,nm3872633,nm3575029,nm5443466
tt9822200	nm3058370	nm5156036,nm4379163,nm4470706,nm3872633,nm3575029,nm5443466
tt9822202	\N	\N
tt9822204	nm5609600	nm3199951
tt9822206	nm3058370	nm5156036,nm4379163,nm4470706,nm3872633,nm3575029,nm5443466
tt9822208	nm3058370	nm5156036,nm4379163,nm4470706,nm3872633,nm3575029,nm5443466
tt9822210	nm9788984,nm10642334	nm6555418
tt9822212	nm3058370	nm5156036,nm4379163,nm4470706,nm3872633,nm3575029,nm5443466
tt9822214	nm3058370	nm5156036,nm4379163,nm4470706,nm3872633,nm3575029,nm5443466
tt9822216	\N	\N
tt9822218	nm3058370	nm5156036,nm4379163,nm4470706,nm3872633,nm3575029,nm5443466
tt9822220	nm3058370	nm5156036,nm4379163,nm4470706,nm3872633,nm3575029,nm5443466
tt9822222	nm3058370	nm5156036,nm4379163,nm4470706,nm3872633,nm3575029,nm5443466
tt9822224	\N	\N
tt9822226	\N	\N
tt9822228	\N	\N
tt9822230	\N	\N
tt9822232	nm5609600	nm5171767
tt9822234	\N	\N
tt9822236	nm5105586	nm1164795,nm7683273
tt9822238	\N	\N
tt9822240	\N	\N
tt9822242	\N	\N
tt9822244	\N	\N
tt9822246	\N	\N
tt9822250	\N	\N
tt9822252	\N	\N
tt9822254	nm0265422	nm0072435,nm0737963,nm11750585
tt9822256	\N	\N
tt9822260	\N	\N
tt9822262	\N	\N
tt9822264	\N	\N
tt9822266	\N	nm4132979
tt9822268	\N	\N
tt9822270	nm14028626,nm0606407	nm0606407
tt9822272	\N	\N
tt9822274	\N	\N
tt9822276	\N	\N
tt9822278	\N	\N
tt9822280	nm10496113	nm10496113
tt9822282	\N	\N
tt9822284	nm0256949	\N
tt9822286	\N	\N
tt9822288	\N	\N
tt9822290	\N	\N
tt9822292	\N	\N
tt9822296	\N	\N
tt9822298	\N	\N
tt9822300	\N	\N
tt9822302	\N	\N
tt9822304	\N	\N
tt9822306	\N	\N
tt9822308	\N	\N
tt9822310	\N	\N
tt9822312	\N	\N
tt9822314	\N	\N
tt9822316	nm9625839	nm9625839
tt9822318	\N	\N
tt9822320	\N	\N
tt9822322	nm11916624	nm10433351
tt9822324	\N	\N
tt9822326	\N	\N
tt9822328	\N	\N
tt9822330	\N	\N
tt9822332	\N	\N
tt9822334	nm11916624	nm10433351
tt9822336	\N	\N
tt9822338	nm8971373,nm6170461	nm6170461,nm10496128,nm10219730,nm10496129,nm10003904,nm10496130
tt9822340	\N	\N
tt9822342	nm1974852	\N
tt9822344	\N	\N
tt9822346	\N	\N
tt9822348	\N	\N
tt9822350	\N	\N
tt9822352	\N	\N
tt9822354	\N	\N
tt9822356	\N	\N
tt9822360	\N	\N
tt9822362	\N	\N
tt9822364	\N	\N
tt9822366	\N	\N
tt9822368	\N	\N
tt9822370	\N	\N
tt9822372	\N	\N
tt9822374	\N	\N
tt9822376	nm2803141	\N
tt9822378	\N	\N
tt9822380	\N	\N
tt9822382	\N	\N
tt9822384	\N	\N
tt9822386	\N	\N
tt9822388	\N	\N
tt9822392	\N	\N
tt9822394	\N	\N
tt9822396	\N	\N
tt9822398	\N	\N
tt9822400	\N	\N
tt9822402	\N	\N
tt9822404	nm2734058	nm10496152,nm2734058
tt9822406	\N	\N
tt9822408	\N	\N
tt9822410	\N	\N
tt9822414	\N	\N
tt9822416	\N	\N
tt9822420	\N	\N
tt9822422	\N	\N
tt9822424	\N	\N
tt9822428	\N	\N
tt9822430	\N	\N
tt9822432	\N	\N
tt9822434	\N	\N
tt9822436	nm4292265	nm0345947,nm1629856
tt9822438	\N	\N
tt9822440	\N	\N
tt9822442	\N	\N
tt9822444	\N	\N
tt9822446	\N	\N
tt9822448	\N	\N
tt9822450	\N	\N
tt9822452	\N	\N
tt9822456	\N	\N
tt9822458	\N	\N
tt9822460	\N	\N
tt9822462	\N	\N
tt9822464	\N	\N
tt9822466	\N	nm9689738
tt9822468	nm10489714	nm10492717,nm10489715,nm10489714
tt9822470	nm9112866	nm9112866
tt9822472	nm8345108	\N
tt9822474	nm2852263	\N
tt9822478	\N	\N
tt9822482	nm8345108	\N
tt9822484	nm10486737,nm10486736	\N
tt9822486	nm3601272	nm3601272,nm5603912,nm5078893
tt9822488	nm10486736,nm10486737	\N
tt9822490	nm8345108	\N
tt9822494	\N	nm1314316
tt9822496	\N	nm9689738
tt9822498	\N	\N
tt9822500	nm10486737,nm10486736	\N
tt9822502	\N	\N
tt9822504	nm3243802	nm10496206
tt9822506	nm10486737,nm10486736	\N
tt9822508	nm10496210	nm7624086
tt9822510	nm3322482	nm3322482,nm7913876
tt9822512	\N	\N
tt9822514	nm0307680	nm0689954,nm0095504,nm0253624,nm0583633,nm1698584,nm2325891,nm3966699,nm3976014
tt9822516	nm10486737,nm10486736	\N
tt9822518	nm10496235	nm10496235,nm10496236
tt9822520	\N	\N
tt9822524	\N	\N
tt9822526	nm10486736,nm10486737	\N
tt9822528	nm4303832	nm6753808,nm4303832
tt9822532	nm8345108	\N
tt9822534	nm3601272	nm5603912,nm3601272
tt9822536	nm10486737,nm10486736	\N
tt9822542	nm10486737,nm10486736	\N
tt9822546	\N	\N
tt9822548	\N	\N
tt9822550	\N	\N
tt9822554	\N	\N
tt9822556	\N	\N
tt9822558	nm9526280	nm9526280
tt9822560	\N	\N
tt9822562	nm3601272	nm3601272
tt9822564	\N	\N
tt9822566	\N	\N
tt9822568	nm10496249	nm10496249,nm2725990
tt9822570	nm10486737,nm10486736	\N
tt9822572	nm10496252	nm10496261,nm10496252
tt9822574	nm4743469	nm3501514
tt9822576	nm0306236	nm1581924,nm2910269,nm0600077
tt9822578	\N	\N
tt9822580	\N	\N
tt9822582	nm3601272	nm3601272
tt9822584	\N	\N
tt9822586	nm5238082	nm5238082
tt9822588	\N	\N
tt9822590	nm10496280	\N
tt9822592	\N	nm3133967,nm3501514
tt9822594	nm5557717	nm5557717
tt9822598	nm3601272	nm5603912,nm5078893,nm3601272
tt9822600	\N	\N
tt9822602	\N	\N
tt9822604	\N	\N
tt9822606	\N	\N
tt9822608	nm10215232	nm10215232
tt9822610	\N	\N
tt9822612	\N	\N
tt9822614	\N	\N
tt9822616	\N	\N
tt9822618	nm0141093	nm0507137
tt9822620	\N	\N
tt9822622	\N	\N
tt9822624	nm0120645	nm0035488,nm0352778,nm2385671,nm1024878,nm4200503,nm1658104
tt9822628	nm3801917	nm3801917
tt9822630	\N	\N
tt9822632	nm3601272	nm3601272
tt9822634	\N	nm2569699,nm3904524
tt9822638	nm3601272	nm3601272
tt9822644	nm3601272	nm3601272
tt9822646	nm3601272	nm3601272
tt9822648	\N	nm2569699
tt9822650	\N	\N
tt9822652	nm3601272	nm3601272
tt9822654	nm3601272	nm5603912,nm3601272
tt9822656	nm10468826	nm10496303,nm10484387,nm10484359,nm2215965,nm10496304,nm10468826
tt9822658	nm3601272	nm5603912,nm3601272
tt9822660	nm1936500	\N
tt9822662	\N	\N
tt9822666	nm3601272	nm3601272
tt9822668	\N	\N
tt9822670	nm3601272	nm5603912,nm3601272
tt9822672	\N	\N
tt9822674	\N	\N
tt9822676	nm3601272	nm3601272
tt9822678	\N	\N
tt9822680	\N	\N
tt9822682	nm6128855	nm6128855
tt9822684	nm3601272	nm3601272
tt9822688	nm1487328	\N
tt9822690	\N	\N
tt9822692	\N	\N
tt9822694	\N	\N
tt9822696	\N	nm6052566
tt9822698	nm5746271	nm5746271
tt9822700	\N	\N
tt9822702	nm4303832	nm4632188,nm4303832
tt9822704	\N	\N
tt9822706	nm2021547	nm2021547
tt9822710	nm10468826	nm10484359,nm7246678,nm4584909,nm10468826
tt9822712	\N	\N
tt9822714	\N	\N
tt9822716	\N	\N
tt9822718	nm5687854	nm5687854
tt9822720	\N	\N
tt9822722	\N	\N
tt9822724	\N	\N
tt9822726	\N	\N
tt9822728	nm5228201	\N
tt9822730	nm8298926	nm8298926
tt9822732	\N	\N
tt9822734	nm3457077	\N
tt9822736	nm5154427	\N
tt9822738	\N	\N
tt9822740	\N	\N
tt9822742	\N	\N
tt9822744	\N	\N
tt9822746	\N	\N
tt9822750	nm3928643,nm3486117	nm3996056
tt9822752	\N	\N
tt9822754	\N	\N
tt9822756	nm10421104	nm8051414
tt9822758	\N	\N
tt9822760	\N	\N
tt9822762	\N	\N
tt9822764	\N	\N
tt9822766	nm10496382	\N
tt9822768	nm2008875	nm1818795,nm6066077,nm2587184
tt9822770	\N	\N
tt9822772	\N	\N
tt9822774	\N	nm10496384
tt9822776	\N	\N
tt9822778	nm4292265	nm0345947,nm1629856
tt9822780	nm0351862	nm3532154
tt9822788	\N	\N
tt9822790	\N	\N
tt9822792	\N	\N
tt9822796	\N	\N
tt9822798	\N	\N
tt9822800	\N	\N
tt9822802	\N	\N
tt9822804	\N	\N
tt9822806	\N	\N
tt9822808	nm10486737,nm10486736	\N
tt9822810	\N	\N
tt9822812	\N	\N
tt9822814	\N	\N
tt9822816	\N	\N
tt9822818	\N	\N
tt9822820	\N	\N
tt9822822	\N	\N
tt9822824	\N	\N
tt9822826	\N	\N
tt9822828	nm5640813	nm5640813
tt9822830	\N	\N
tt9822832	\N	\N
tt9822834	\N	\N
tt9822836	\N	\N
tt9822838	\N	\N
tt9822840	\N	\N
tt9822842	\N	\N
tt9822844	\N	\N
tt9822846	\N	\N
tt9822848	\N	\N
tt9822850	\N	\N
tt9822852	nm10489714	nm10489715,nm10489714
tt9822854	nm0062187	nm0062187
tt9822856	nm10486737,nm10486736	\N
tt9822858	nm7886149	nm7886149
tt9822860	\N	\N
tt9822862	nm4899965	\N
tt9822864	nm7460618	nm10483888
tt9822866	\N	\N
tt9822870	\N	\N
tt9822872	\N	\N
tt9822874	\N	\N
tt9822878	\N	\N
tt9822880	nm1287232	nm13264725,nm4439730,nm11326478,nm11326479
tt9822882	nm10489718	nm10489718
tt9822884	\N	\N
tt9822886	\N	\N
tt9822888	\N	\N
tt9822890	\N	\N
tt9822892	\N	\N
tt9822894	\N	\N
tt9822896	\N	\N
tt9822898	\N	\N
tt9822900	nm10486737,nm10486736	\N
tt9822902	nm2576262	nm2576262
tt9822904	nm12648072	nm5852597
tt9822906	\N	\N
tt9822908	\N	\N
tt9822910	\N	\N
tt9822912	nm9973251	nm8746226,nm9973251,nm8746224
tt9822914	\N	\N
tt9822916	\N	\N
tt9822918	\N	\N
tt9822920	\N	\N
tt9822922	nm9612438	nm9612438
tt9822924	\N	\N
tt9822926	\N	\N
tt9822928	\N	\N
tt9822930	\N	\N
tt9822932	\N	\N
tt9822934	\N	\N
tt9822936	\N	\N
tt9822938	\N	nm10438158,nm10490327
tt9822940	\N	nm10438158,nm10490327
tt9822942	\N	nm10438158,nm10490327
tt9822944	\N	nm10438158,nm10490327
tt9822946	\N	nm10438158,nm10490327
tt9822948	\N	nm10438158,nm10490327
tt9822950	\N	nm10438158,nm10490327
tt9822952	\N	nm10438158,nm10490327
tt9822954	\N	\N
tt9822956	\N	\N
tt9822958	nm1049492,nm3140864	nm1049492
tt9822960	nm7316072	nm7316072,nm9219776
tt9822962	\N	nm7664413
tt9822964	\N	\N
tt9822966	\N	\N
tt9822968	\N	\N
tt9822970	\N	\N
tt9822972	\N	\N
tt9822974	\N	\N
tt9822976	\N	\N
tt9822978	\N	\N
tt9822980	\N	nm10132654,nm10498833
tt9822982	\N	\N
tt9822984	\N	\N
tt9822986	\N	\N
tt9822988	\N	\N
tt9822990	\N	\N
tt9822992	\N	nm3623156
tt9822994	\N	\N
tt9822996	\N	\N
tt9823000	\N	nm3623156
tt9823002	\N	\N
tt9823004	\N	\N
tt9823008	nm6435261	\N
tt9823010	\N	nm4613323,nm1925823,nm1398326,nm3623156
tt9823012	\N	\N
tt9823014	nm2722653,nm3920260,nm5565838,nm2694573	nm2407934,nm8061201,nm4710308
tt9823016	\N	nm2809844
tt9823018	\N	nm4613323,nm1925823,nm1398326,nm3623156
tt9823020	\N	\N
tt9823022	\N	nm4613323,nm1925823,nm1398326,nm3623156
tt9823024	nm10492716	nm10489715,nm10492716
tt9823026	\N	\N
tt9823028	nm6408860	nm4785763,nm10555659
tt9823030	nm1398326	nm4613323,nm1925823,nm1398326,nm3623156
tt9823032	nm6408860	nm4785763,nm10555659
tt9823034	nm4613323	nm4613323,nm1925823,nm1398326,nm3623156
tt9823036	\N	\N
tt9823038	nm6408860	nm4785763,nm10555659
tt9823040	\N	\N
tt9823042	nm9693571	\N
tt9823044	nm6408860	nm4785763,nm10555659
tt9823046	nm1298981	\N
tt9823048	nm1398326	nm4613323,nm1925823,nm1398326
tt9823050	nm9693571	\N
tt9823052	\N	\N
tt9823054	nm9693571	\N
tt9823056	nm6408860	nm4785763,nm10555659
tt9823058	\N	\N
tt9823060	nm1646003	nm5386988,nm5153565
tt9823062	\N	\N
tt9823064	nm6408860	nm4785763,nm10555659
tt9823066	nm9693571	\N
tt9823068	\N	nm5565838
tt9823070	nm1646003	nm5386988,nm5153565
tt9823072	nm5234912	nm5234912
tt9823074	nm4613323	nm4613323,nm1925823,nm7909182
tt9823076	nm6408860	nm4785763,nm10555659
tt9823078	nm9693571	\N
tt9823080	\N	\N
tt9823082	nm1108967,nm2802399,nm1082560	nm10218491,nm0477499,nm2779196,nm10218492,nm10218490
tt9823084	\N	\N
tt9823086	\N	nm4682696
tt9823088	nm6408860	nm4785763,nm10555659
tt9823090	nm7909182	nm4613323,nm1925823,nm7909182
tt9823092	nm0865573	nm0134639,nm4439664,nm0003208
tt9823094	nm0865573	nm0134639,nm4439664,nm0003208
tt9823096	nm0762706,nm0105328	\N
tt9823098	nm9693571	\N
tt9823100	nm6408860	nm4785763,nm10555659
tt9823102	nm5949831	\N
tt9823104	nm9693571	\N
tt9823106	\N	\N
tt9823110	nm6408860	nm4785763,nm10555659
tt9823112	\N	\N
tt9823114	nm3363373	nm2552303,nm3363373
tt9823116	\N	\N
tt9823120	\N	nm4710308
tt9823122	nm3420541	nm3451648
tt9823124	nm1082560,nm1108967,nm2802399	nm10218491,nm0477499,nm2779196,nm10218492,nm10218490
tt9823126	\N	\N
tt9823128	nm9693571	\N
tt9823130	\N	nm3128043
tt9823132	nm9693571	\N
tt9823134	\N	\N
tt9823136	\N	\N
tt9823138	nm1108967,nm1082560,nm2802399	nm10218491,nm0477499,nm2779196,nm10218492,nm10218490
tt9823140	nm9693571	\N
tt9823142	nm10456398	\N
tt9823144	nm9693571	\N
tt9823146	nm1646003	nm5386988,nm5153565
tt9823148	\N	\N
tt9823150	nm9693571	\N
tt9823152	\N	\N
tt9823154	nm9693571	\N
tt9823156	nm5949831	\N
tt9823158	nm1108967,nm1082560,nm2802399	nm10218491,nm0477499,nm2779196,nm10218492,nm10218490
tt9823160	\N	\N
tt9823162	\N	\N
tt9823164	nm2694573,nm3920260	nm2407934,nm2694573
tt9823166	\N	\N
tt9823168	nm3920260	nm4682696
tt9823170	nm0538105	nm1585774,nm0538105
tt9823172	\N	\N
tt9823174	\N	\N
tt9823176	nm3727820,nm3920260	\N
tt9823178	\N	\N
tt9823180	\N	\N
tt9823182	nm2267086	nm0000045,nm2267086
tt9823184	\N	\N
tt9823186	nm5949831,nm3920260	nm4682696
tt9823188	\N	\N
tt9823190	\N	\N
tt9823192	\N	\N
tt9823194	nm3920260,nm5949831	\N
tt9823196	\N	\N
tt9823198	\N	\N
tt9823200	\N	\N
tt9823202	nm5949831	nm4682696
tt9823204	\N	\N
tt9823206	nm8483774	nm8483774
tt9823208	\N	\N
tt9823210	\N	\N
tt9823212	\N	\N
tt9823214	nm2694573	\N
tt9823216	\N	\N
tt9823218	nm2694573	\N
tt9823220	\N	\N
tt9823222	\N	\N
tt9823224	\N	\N
tt9823226	\N	\N
tt9823228	\N	\N
tt9823230	nm6160363,nm1645799	\N
tt9823232	\N	\N
tt9823234	\N	\N
tt9823236	nm10492716	nm10489715,nm10492716
tt9823238	\N	\N
tt9823240	\N	nm9340766
tt9823244	nm10492716	nm10489715,nm10492716
tt9823246	nm0669120	\N
tt9823248	nm1043749	\N
tt9823250	\N	\N
tt9823252	\N	\N
tt9823254	nm10492716	nm10489715,nm10492716
tt9823258	nm0484717	nm0702560,nm5355370,nm3221923,nm3664061,nm5029992
tt9823260	\N	\N
tt9823262	\N	\N
tt9823266	nm10492716	nm10489715,nm10492716
tt9823268	nm8401687	\N
tt9823270	\N	\N
tt9823272	nm1439341	\N
tt9823274	\N	\N
tt9823276	nm5462279	\N
tt9823278	\N	\N
tt9823280	nm9829927	nm10472311,nm9829927
tt9823282	\N	\N
tt9823284	nm6827593	nm6827593
tt9823286	\N	\N
tt9823288	\N	\N
tt9823290	\N	\N
tt9823292	\N	\N
tt9823294	nm10169841	nm5160418,nm10475928,nm6317849,nm2503061
tt9823296	\N	\N
tt9823298	\N	\N
tt9823300	nm10492716	nm10489715,nm10492716
tt9823302	\N	\N
tt9823304	nm0851611	nm0006938,nm1288339,nm0851611
tt9823306	nm0851611	nm0006938,nm1288339,nm0851611
tt9823308	nm0851611	nm0006938,nm1288339,nm0851611
tt9823310	nm0851611	nm0006938,nm1288339,nm0851611
tt9823312	\N	\N
tt9823314	\N	\N
tt9823316	\N	\N
tt9823318	\N	\N
tt9823320	\N	\N
tt9823322	\N	\N
tt9823324	\N	\N
tt9823326	\N	\N
tt9823328	\N	\N
tt9823330	\N	\N
tt9823332	\N	\N
tt9823334	\N	\N
tt9823336	\N	\N
tt9823338	\N	\N
tt9823340	\N	\N
tt9823342	\N	\N
tt9823344	\N	nm0152466,nm10496549
tt9823346	nm2791926,nm3875927,nm5888932,nm3095542,nm9949456	nm3746409,nm8405356
tt9823348	\N	\N
tt9823350	nm5888932,nm2791926,nm9949456,nm3095542	nm3746409,nm8405356
tt9823352	nm2791926,nm5888932,nm9949456,nm3095542	nm3746409,nm8405356
tt9823354	\N	\N
tt9823356	nm10937433,nm1731096,nm10937434	nm3746409,nm8405356
tt9823358	\N	\N
tt9823360	\N	\N
tt9823362	\N	\N
tt9823364	\N	\N
tt9823366	\N	\N
tt9823368	\N	\N
tt9823370	nm7823520	nm1440793,nm9008618,nm5835181,nm1146739,nm1224195,nm1834344,nm1834350,nm5884431,nm6880503
tt9823372	\N	\N
tt9823374	\N	\N
tt9823376	nm4033199	\N
tt9823378	\N	\N
tt9823380	\N	\N
tt9823382	\N	\N
tt9823384	\N	\N
tt9823386	\N	\N
tt9823388	\N	\N
tt9823390	\N	\N
tt9823392	\N	\N
tt9823394	\N	\N
tt9823396	\N	\N
tt9823398	\N	\N
tt9823400	\N	\N
tt9823402	\N	\N
tt9823404	\N	\N
tt9823406	\N	\N
tt9823408	\N	\N
tt9823410	\N	\N
tt9823412	\N	\N
tt9823414	\N	\N
tt9823416	\N	\N
tt9823418	\N	\N
tt9823420	\N	\N
tt9823422	\N	\N
tt9823424	\N	\N
tt9823426	\N	\N
tt9823428	\N	\N
tt9823430	\N	\N
tt9823432	\N	\N
tt9823434	\N	\N
tt9823436	\N	\N
tt9823438	\N	\N
tt9823440	\N	\N
tt9823442	\N	\N
tt9823444	\N	\N
tt9823446	\N	\N
tt9823448	\N	\N
tt9823450	\N	\N
tt9823452	\N	\N
tt9823454	\N	\N
tt9823456	\N	\N
tt9823458	\N	\N
tt9823464	\N	\N
tt9823466	\N	\N
tt9823470	\N	\N
tt9823472	nm1168198,nm0952222	nm0847758,nm0952222
tt9823474	\N	\N
tt9823476	\N	\N
tt9823478	nm1168198,nm0952222	nm0847758,nm0952222
tt9823480	\N	\N
tt9823482	\N	\N
tt9823484	\N	\N
tt9823486	nm1168198,nm0952222	nm0847758,nm0952222
tt9823488	\N	\N
tt9823490	\N	\N
tt9823492	\N	nm2030678
tt9823494	nm3149934	nm3149934
tt9823496	\N	\N
tt9823498	\N	\N
tt9823500	\N	\N
tt9823502	nm1168198,nm0952222	nm0847758,nm0952222
tt9823504	\N	\N
tt9823506	nm0266434	\N
tt9823508	nm5302461,nm0138357	\N
tt9823510	\N	\N
tt9823512	\N	\N
tt9823516	\N	\N
tt9823518	nm0138357,nm5302461	\N
tt9823520	\N	\N
tt9823522	\N	\N
tt9823524	\N	\N
tt9823526	nm9209324,nm10740219	nm4428615
tt9823528	nm0138357,nm5302461	\N
tt9823530	\N	\N
tt9823532	nm0138357,nm5302461	\N
tt9823534	\N	\N
tt9823536	\N	\N
tt9823538	\N	\N
tt9823540	\N	\N
tt9823542	\N	\N
tt9823544	\N	\N
tt9823546	nm10496597	nm10496597
tt9823548	nm3061836	\N
tt9823550	\N	\N
tt9823552	nm7392220	\N
tt9823554	nm10496608	nm10496608
tt9823562	nm7487668,nm10496629	nm5895749
tt9823564	nm7309698	nm7309698
tt9823566	nm2204800	nm5815714,nm8140486,nm0169225,nm5521826,nm1096778,nm2671902,nm1509315,nm5802360,nm2858338,nm5749637,nm1391635,nm5875387,nm5232541,nm5746989,nm5802357
tt9823568	nm0897092	\N
tt9823570	\N	\N
tt9823574	nm1519252	\N
tt9823576	\N	\N
tt9823578	\N	\N
tt9823580	\N	\N
tt9823582	nm0834127,nm0924114	\N
tt9823584	nm3061836	\N
tt9823586	\N	\N
tt9823588	\N	\N
tt9823590	nm4448150	nm10496649,nm4448150,nm10496685
tt9823592	\N	\N
tt9823594	\N	\N
tt9823596	\N	\N
tt9823598	\N	\N
tt9823600	nm3061836	\N
tt9823602	\N	\N
tt9823604	\N	\N
tt9823608	\N	\N
tt9823610	\N	\N
tt9823612	nm9955156	nm9955156
tt9823614	nm7298046,nm8415021	\N
tt9823616	\N	\N
tt9823618	\N	\N
tt9823620	\N	\N
tt9823624	\N	\N
tt9823628	\N	\N
tt9823630	\N	\N
tt9823632	\N	\N
tt9823634	nm9582860	nm10496668,nm10496669
tt9823636	\N	\N
tt9823640	\N	\N
tt9823642	nm5192908	\N
tt9823644	\N	\N
tt9823646	\N	\N
tt9823648	\N	\N
tt9823650	\N	\N
tt9823652	\N	\N
tt9823654	\N	\N
tt9823656	nm7329051	\N
tt9823658	nm8814083,nm7329051	\N
tt9823660	nm7630047,nm7329051	\N
tt9823662	nm6823691,nm7329051	\N
tt9823664	\N	\N
tt9823668	\N	\N
tt9823670	\N	\N
tt9823672	nm2505826	nm5048932,nm7233570,nm2766776,nm10433922,nm6211350,nm10433923
tt9823674	\N	\N
tt9823676	\N	\N
tt9823678	nm4525788	nm4554639,nm6173779
tt9823680	\N	\N
tt9823684	nm4146224	\N
tt9823686	\N	\N
tt9823688	\N	\N
tt9823690	\N	\N
tt9823692	\N	\N
tt9823694	\N	\N
tt9823696	\N	\N
tt9823698	nm12203171	nm12203171
tt9823700	\N	\N
tt9823702	\N	\N
tt9823704	\N	\N
tt9823706	\N	\N
tt9823708	\N	\N
tt9823710	\N	\N
tt9823712	\N	\N
tt9823714	\N	\N
tt9823716	\N	\N
tt9823718	\N	\N
tt9823720	\N	\N
tt9823722	\N	\N
tt9823724	\N	\N
tt9823726	\N	\N
tt9823728	\N	\N
tt9823730	\N	\N
tt9823732	\N	\N
tt9823734	\N	\N
tt9823736	\N	\N
tt9823738	\N	\N
tt9823742	\N	\N
tt9823744	\N	\N
tt9823746	\N	\N
tt9823748	\N	\N
tt9823750	\N	\N
tt9823752	\N	\N
tt9823754	\N	\N
tt9823756	\N	\N
tt9823758	\N	\N
tt9823760	\N	\N
tt9823762	nm4033199	\N
tt9823764	\N	\N
tt9823766	\N	\N
tt9823768	\N	\N
tt9823770	\N	\N
tt9823772	nm1283610,nm1286341	nm0591836
tt9823774	\N	\N
tt9823776	\N	nm0311597
tt9823778	nm0607744	nm0607744
tt9823780	\N	\N
tt9823782	nm0928943,nm2516394	nm8047062
tt9823784	nm10496715,nm9549720	nm10530540
tt9823788	nm4733466	nm4733466
tt9823790	\N	\N
tt9823792	\N	\N
tt9823794	\N	\N
tt9823796	\N	\N
tt9823798	\N	\N
tt9823800	\N	\N
tt9823802	nm2722743	\N
tt9823804	\N	\N
tt9823806	\N	\N
tt9823808	\N	\N
tt9823810	\N	\N
tt9823812	\N	\N
tt9823814	\N	\N
tt9823816	\N	\N
tt9823818	\N	\N
tt9823820	\N	\N
tt9823822	\N	\N
tt9823824	\N	\N
tt9823826	\N	\N
tt9823828	\N	\N
tt9823830	\N	\N
tt9823832	nm8600133	nm8600133
tt9823834	\N	\N
tt9823838	\N	\N
tt9823840	\N	\N
tt9823842	\N	\N
tt9823844	\N	\N
tt9823846	\N	\N
tt9823848	\N	\N
tt9823850	\N	\N
tt9823852	\N	\N
tt9823854	\N	\N
tt9823856	\N	\N
tt9823858	\N	\N
tt9823860	\N	\N
tt9823862	\N	\N
tt9823864	\N	\N
tt9823866	\N	\N
tt9823868	\N	\N
tt9823870	\N	\N
tt9823872	\N	\N
tt9823878	\N	\N
tt9823880	\N	\N
tt9823882	\N	\N
tt9823886	\N	\N
tt9823888	\N	\N
tt9823890	\N	\N
tt9823892	\N	\N
tt9823894	\N	\N
tt9823896	\N	\N
tt9823898	\N	\N
tt9823900	\N	\N
tt9823902	nm3080790	nm2405101,nm3828158
tt9823904	\N	\N
tt9823906	nm3080790	nm2405101,nm3828158
tt9823908	\N	\N
tt9823910	nm3080790	nm2405101,nm3828158
tt9823912	\N	\N
tt9823914	\N	\N
tt9823916	\N	\N
tt9823918	\N	\N
tt9823920	\N	\N
tt9823922	\N	\N
tt9823924	\N	\N
tt9823928	\N	\N
tt9823930	\N	\N
tt9823932	nm0071776	nm2207641,nm0569838,nm0639727
tt9823934	\N	\N
tt9823936	nm1807629	nm2450613,nm0437287
tt9823938	\N	\N
tt9823940	\N	\N
tt9823942	nm10496748	\N
tt9823946	nm2660259	\N
tt9823948	nm10391738	nm10391738
tt9823950	\N	\N
tt9823952	\N	\N
tt9823954	\N	\N
tt9823956	\N	\N
tt9823960	\N	\N
tt9823962	nm10489714	nm10489715,nm10489714
tt9823964	nm0140764	nm0937725,nm1541762,nm1546172
tt9823970	\N	nm8939631
tt9823972	\N	\N
tt9823976	\N	nm4143515,nm8288195
tt9823978	\N	\N
tt9823982	nm10496777	\N
tt9823984	nm6473910	nm6473910
tt9823986	\N	\N
tt9823988	nm10496784	nm10496784
tt9823990	nm6473910	nm6473910
tt9823992	\N	\N
tt9823994	nm6564321	\N
tt9823996	\N	\N
tt9823998	\N	\N
tt9824000	nm10496824	nm10496824,nm10496825
tt9824002	nm2256873	nm1178554
tt9824006	nm2256873	nm1178554
tt9824008	\N	\N
tt9824010	nm5234022	nm5234022
tt9824012	nm0940292	\N
tt9824014	nm3361148	nm10499018,nm10499017,nm3361148
tt9824016	nm1070100	nm1070100,nm2703622
tt9824018	\N	\N
tt9824020	nm3597191	nm3597191,nm3533239,nm3609349
tt9824022	\N	\N
tt9824024	nm2775161	nm2392528,nm2380807,nm2414113
tt9824030	\N	\N
tt9824034	nm0412963	nm10209967
tt9824036	nm1856700	nm0276814
tt9824038	nm3597191	nm3597191,nm3533239,nm3609349
tt9824040	\N	\N
tt9824042	\N	\N
tt9824044	\N	\N
tt9824046	\N	\N
tt9824048	\N	\N
tt9824050	\N	\N
tt9824052	\N	\N
tt9824054	\N	\N
tt9824056	\N	\N
tt9824058	\N	\N
tt9824060	\N	\N
tt9824062	\N	\N
tt9824064	\N	\N
tt9824066	\N	\N
tt9824068	\N	\N
tt9824080	nm3597191	nm3597191,nm3533239,nm3609349
tt9824082	\N	\N
tt9824092	nm0019115	nm0019115
tt9824094	nm5674420	nm5674420
tt9824096	nm2198948	\N
tt9824100	nm4910515,nm3966426	nm1027089
tt9824102	\N	nm1869778,nm2627841,nm2779196
tt9824104	nm1777491	nm3392718,nm6431357,nm2691201,nm4486392
tt9824108	nm5674420	nm5674420
tt9824112	nm2766261	nm10312153,nm2766261,nm5341567,nm10582471
tt9824114	nm7101998	nm7101998
tt9824116	nm4384637,nm3966426	nm1027089
tt9824120	\N	\N
tt9824122	nm4918387	nm10496897,nm10496898
tt9824124	nm9832551	nm9832551
tt9824126	nm3966426,nm1047542	nm1027089
tt9824128	nm1720504	\N
tt9824132	\N	\N
tt9824134	nm2170148,nm3966426	nm1027089
tt9824136	\N	nm3465998
tt9824138	nm0730355	nm8417196,nm0730355
tt9824142	\N	\N
tt9824144	nm10496905	nm10496907,nm10496905
tt9824148	nm3966426,nm3297167	nm1027089
tt9824150	\N	\N
tt9824152	nm2404627	\N
tt9824154	nm3856217	nm3548509,nm9444912,nm10208857,nm10329761,nm9345338,nm8660952,nm9345333,nm5597848,nm9313140,nm10329763,nm9345334
tt9824158	nm0782877,nm3966426	nm1027089
tt9824160	nm3856217	nm10520689,nm10208857,nm10125521,nm9345333,nm6235252,nm9313140,nm9345334
tt9824162	nm1518236	nm1518236
tt9824164	nm0653392	\N
tt9824168	nm3093755	\N
tt9824170	nm8853491	nm8853491
tt9824172	nm3966426,nm7567546	nm1027089
tt9824174	nm1518236	nm1518236
tt9824176	\N	\N
tt9824180	nm3966426,nm4384637	nm1027089
tt9824182	nm1518236	nm1518236
tt9824186	\N	\N
tt9824188	\N	\N
tt9824190	\N	\N
tt9824192	\N	\N
tt9824194	\N	\N
tt9824196	\N	\N
tt9824198	\N	\N
tt9824200	\N	\N
tt9824202	\N	\N
tt9824204	\N	\N
tt9824206	\N	\N
tt9824208	\N	\N
tt9824210	\N	\N
tt9824212	\N	\N
tt9824214	\N	\N
tt9824216	\N	\N
tt9824218	\N	\N
tt9824220	\N	\N
tt9824222	\N	\N
tt9824226	\N	\N
tt9824228	\N	\N
tt9824230	\N	\N
tt9824232	\N	\N
tt9824234	\N	\N
tt9824236	\N	\N
tt9824238	nm3966426	nm1027089
tt9824240	\N	\N
tt9824244	\N	\N
tt9824246	\N	\N
tt9824248	nm7676805	nm7676805,nm10496955
tt9824250	\N	\N
tt9824254	\N	\N
tt9824256	\N	\N
tt9824258	\N	\N
tt9824260	\N	\N
tt9824262	\N	\N
tt9824264	\N	\N
tt9824266	\N	\N
tt9824268	\N	\N
tt9824270	\N	\N
tt9824274	\N	\N
tt9824276	\N	\N
tt9824278	\N	\N
tt9824280	\N	\N
tt9824282	\N	\N
tt9824284	\N	\N
tt9824286	\N	\N
tt9824288	\N	\N
tt9824290	\N	\N
tt9824294	\N	\N
tt9824296	\N	\N
tt9824298	\N	\N
tt9824300	\N	\N
tt9824302	\N	\N
tt9824304	nm2404627	\N
tt9824306	\N	\N
tt9824308	\N	\N
tt9824310	\N	\N
tt9824312	\N	\N
tt9824316	\N	\N
tt9824318	\N	\N
tt9824320	\N	\N
tt9824322	\N	\N
tt9824324	\N	\N
tt9824326	\N	\N
tt9824328	\N	\N
tt9824330	\N	\N
tt9824332	\N	\N
tt9824334	\N	\N
tt9824336	\N	\N
tt9824338	\N	\N
tt9824340	\N	\N
tt9824342	\N	\N
tt9824344	\N	\N
tt9824346	\N	\N
tt9824350	\N	\N
tt9824352	\N	nm9324404
tt9824356	\N	\N
tt9824358	nm0354091	nm0354091,nm9437002
tt9824360	nm10496964,nm7953487	\N
tt9824362	\N	\N
tt9824364	\N	\N
tt9824366	\N	\N
tt9824368	\N	\N
tt9824370	\N	nm1869778,nm2627841,nm2779196
tt9824372	\N	\N
tt9824374	\N	\N
tt9824376	\N	\N
tt9824378	\N	\N
tt9824380	\N	\N
tt9824382	\N	\N
tt9824384	\N	\N
tt9824386	\N	\N
tt9824388	\N	\N
tt9824390	\N	\N
tt9824394	\N	nm1869778,nm2627841,nm2779196
tt9824396	\N	nm1847800,nm9854799,nm1233461
tt9824398	\N	nm1847800,nm9854799,nm1233461
tt9824400	\N	nm1847800,nm9854799,nm1233461
tt9824402	\N	\N
tt9824404	\N	nm1847800,nm1233461
tt9824406	\N	nm1847800,nm1233461,nm7053858
tt9824408	\N	\N
tt9824410	\N	\N
tt9824412	\N	\N
tt9824414	\N	nm1847800,nm1233461,nm7053858
tt9824416	\N	nm1847800,nm1233461,nm7053858
tt9824418	\N	nm1847800,nm1233461,nm7053858
tt9824420	\N	nm1847800,nm1233461,nm7053858
tt9824422	\N	nm1847800,nm1233461,nm7053858
tt9824424	\N	nm1847800,nm1233461,nm7053858
tt9824426	\N	\N
tt9824428	\N	\N
tt9824430	\N	\N
tt9824432	\N	\N
tt9824434	\N	\N
tt9824436	\N	nm1847800,nm1233461,nm7053858
tt9824438	\N	\N
tt9824440	\N	nm1847800,nm1233461,nm7053858
tt9824442	\N	\N
tt9824444	\N	nm1847800,nm1233461,nm7053858
tt9824446	\N	\N
tt9824448	\N	\N
tt9824450	\N	\N
tt9824452	\N	\N
tt9824454	nm2418834	nm1148576,nm2418834
tt9824458	nm3656136	\N
tt9824460	\N	nm2385514
tt9824464	\N	nm1869778,nm2627841,nm2779196
tt9824466	nm0163908	\N
tt9824468	\N	\N
tt9824470	nm10320410	\N
tt9824472	\N	nm1869778,nm2627841,nm2779196
tt9824476	nm10320410	\N
tt9824478	\N	nm9324404
tt9824480	nm10320410	\N
tt9824482	\N	\N
tt9824484	\N	\N
tt9824486	nm10320410	\N
tt9824490	nm3008613	nm3008613
tt9824492	nm10209337	nm10497156,nm10516250,nm10209337,nm10516248,nm10516663,nm10516249
tt9824494	nm10320410	\N
tt9824496	nm0096539,nm0553767,nm0723330,nm0210258	nm1130052,nm6705692,nm2204280,nm0722815,nm9438076,nm2122012
tt9824498	\N	\N
tt9824500	nm0096539,nm0210258,nm0553767,nm0723330	nm1130052,nm6705692,nm2204280,nm0722815,nm9438076,nm2122012
tt9824502	nm0723330,nm0553767,nm0210258,nm0096539	nm1130052,nm6705692,nm2204280,nm0722815,nm9438076,nm2122012
tt9824504	nm0096539,nm0210258,nm0553767,nm0723330	nm1130052,nm6705692,nm2204280,nm0722815,nm9438076,nm2122012
tt9824506	nm3934285	\N
tt9824508	nm0723330,nm0210258,nm0553767,nm0096539	nm1130052,nm6705692,nm2204280,nm0722815,nm9438076,nm2122012
tt9824510	nm10320410	\N
tt9824512	nm1780894	nm10497162,nm1780894
tt9824514	nm6192122	nm6192122
tt9824516	\N	nm1134367
tt9824518	nm10320410	\N
tt9824520	nm3861808,nm0884087,nm4387984,nm0190421	nm7247103,nm2077444,nm2056369,nm4675917,nm1757944,nm4264151,nm0684600,nm3053445,nm3086898
tt9824522	nm0190421,nm4387984,nm0884087,nm3861808	nm7247103,nm2077444,nm2056369,nm4675917,nm1757944,nm4264151,nm0684600,nm3053445,nm3086898
tt9824524	nm0884087,nm0190421,nm3861808,nm4387984	nm7247103,nm2077444,nm2056369,nm4675917,nm1757944,nm4264151,nm0684600,nm3053445,nm3086898
tt9824526	nm8570125	nm8570125
tt9824528	nm0884087,nm0190421,nm4387984,nm3861808	nm7247103,nm2077444,nm2056369,nm4675917,nm1757944,nm4264151,nm0684600,nm3053445,nm3086898
tt9824530	\N	\N
tt9824532	nm4387984,nm3861808,nm0190421,nm0884087	nm7247103,nm2077444,nm2056369,nm4675917,nm1757944,nm4264151,nm0684600,nm3053445,nm3086898
tt9824534	\N	\N
tt9824536	\N	\N
tt9824540	nm2968706	nm2968706
tt9824542	nm10320410	\N
tt9824544	nm3472343	nm10617378,nm3280561
tt9824546	\N	\N
tt9824548	nm0821358	nm1772717
tt9824550	nm3472343,nm10616839	nm10617378,nm3280561
tt9824552	nm3472343	nm10617378,nm3280561
tt9824554	nm10320410	\N
tt9824556	nm10616839,nm3472343	nm10617378,nm3280561
tt9824560	nm8171702,nm0342638	\N
tt9824562	nm2098883	nm10208719,nm4470708,nm4470888,nm10477869,nm1199935,nm1273207
tt9824564	nm2098883	nm10208719,nm4470708,nm4470888,nm10477869,nm1199935,nm1273207
tt9824566	nm2098883	nm10208719,nm4470708,nm4470888,nm10477869,nm1199935,nm1273207
tt9824568	nm3472343,nm10616839	nm10617378,nm3280561,nm8659055
tt9824570	nm2098883	nm10208719,nm4470708,nm4470888,nm10477869,nm1199935,nm1273207
tt9824572	nm2098883	nm10208719,nm4470708,nm4470888,nm10477869,nm1199935,nm1273207
tt9824574	nm2098883	nm10208719,nm4470708,nm4470888,nm10477869,nm1199935,nm1273207
tt9824576	nm2098883	nm10208719,nm4470708,nm4470888,nm10477869,nm1199935,nm1273207
tt9824578	nm2098883	nm10208719,nm4470708,nm4470888,nm10477869,nm1199935,nm1273207
tt9824580	nm3472343,nm10616839	nm10617378,nm3280561,nm13385193
tt9824582	nm2098883	nm10208719,nm4470708,nm4470888,nm10477869,nm1199935,nm1273207
tt9824584	nm2098883	nm10208719,nm4470708,nm4470888,nm10477869,nm1199935,nm1273207
tt9824586	nm2098883	nm10208719,nm4470708,nm4470888,nm10477869,nm1199935,nm1273207
tt9824588	nm4797030,nm3472343	nm10617378,nm3280561,nm8659055
tt9824590	nm2098883	nm10208719,nm4470708,nm4470888,nm10477869,nm1199935,nm1273207
tt9824592	nm0297239	\N
tt9824594	nm2098883	nm10208719,nm4470708,nm4470888,nm10477869,nm1199935,nm1273207
tt9824596	nm2098883	nm10208719,nm4470708,nm4470888,nm10477869,nm1199935,nm1273207
tt9824598	nm2931236	\N
tt9824600	nm2098883	nm10208719,nm4470708,nm4470888,nm10477869,nm1199935,nm1273207
tt9824602	nm2968706	nm2968706
tt9824604	nm2098883	nm10208719,nm4470708,nm4470888,nm10477869,nm1199935,nm1273207
tt9824606	nm2098883	nm10208719,nm4470708,nm4470888,nm10477869,nm1199935,nm1273207
tt9824608	nm2098883	nm10208719,nm4470708,nm4470888,nm10477869,nm1199935,nm1273207
tt9824610	\N	\N
tt9824612	nm2098883	nm10208719,nm4470708,nm4470888,nm10477869,nm1199935,nm1273207
tt9824614	nm2098883	nm10208719,nm4470708,nm4470888,nm10477869,nm1199935,nm1273207
tt9824616	nm10320410	\N
tt9824618	nm6292917	\N
tt9824620	nm6292917	\N
tt9824622	nm6292917	\N
tt9824624	nm6292917	\N
tt9824626	nm6292917	\N
tt9824628	nm8345108	\N
tt9824630	nm2098883	nm4470708,nm4470888,nm10477869,nm1199935,nm1273207
tt9824632	nm2098883	nm4470708,nm4470888,nm10477869,nm1199935,nm1273207
tt9824634	nm2098883	nm4470708,nm4470888,nm10477869,nm1199935,nm1273207
tt9824636	nm2098883	nm4470708,nm4470888,nm10477869,nm1199935,nm1273207
tt9824638	nm2098883	nm4470708,nm4470888,nm10477869,nm1199935,nm1273207
tt9824640	nm2098883	nm4470708,nm4470888,nm10477869,nm1199935,nm1273207
tt9824644	nm2098883	nm4470708,nm4470888,nm10477869,nm1199935,nm1273207
tt9824646	nm2098883	nm4470708,nm4470888,nm10477869,nm1199935,nm1273207
tt9824648	nm2098883	nm4470708,nm4470888,nm10477869,nm1199935,nm1273207
tt9824650	nm2098883	nm4470708,nm4470888,nm10477869,nm1199935,nm1273207
tt9824652	nm2098883	nm4470708,nm4470888,nm10477869,nm1199935,nm1273207
tt9824654	nm2098883	nm10208719,nm4470708,nm4470888,nm10477869,nm1199935,nm1273207
tt9824656	nm2098883	nm10208719,nm4470708,nm4470888,nm10477869,nm1199935,nm1273207
tt9824658	nm2098883	nm10208719,nm4470708,nm4470888,nm10477869,nm1199935,nm1273207
tt9824660	nm2098883	nm10208719,nm4470708,nm4470888,nm10477869,nm1199935,nm1273207
tt9824662	nm2098883	nm10208719,nm4470708,nm4470888,nm10477869,nm1199935,nm1273207
tt9824664	nm8857432	nm8857432
tt9824666	nm2098883	nm10208719,nm4470708,nm4470888,nm10477869,nm1199935,nm1273207
tt9824668	nm2098883	nm10208719,nm4470708,nm4470888,nm10477869,nm1199935,nm1273207
tt9824670	nm2098883	nm10208719,nm4470708,nm4470888,nm10477869,nm1199935,nm1273207
tt9824672	nm2098883	nm10208719,nm4470708,nm4470888,nm10477869,nm1199935,nm1273207
tt9824674	nm0213983,nm0002340,nm0368366,nm0003676,nm0543596,nm0662180	nm3305951
tt9824676	\N	\N
tt9824678	nm2098883	nm4470708,nm4470888,nm10477869,nm1199935,nm1273207
tt9824680	nm2098883	nm4470708,nm4470888,nm10477869,nm1199935,nm1273207
tt9824682	nm2098883	nm4470708,nm4470888,nm10477869,nm1199935,nm1273207
tt9824684	nm2098883	nm4470708,nm4470888,nm10477869,nm1199935,nm1273207
tt9824686	nm2098883	nm4470708,nm4470888,nm10477869,nm1199935,nm1273207
tt9824688	nm0205169	nm0205169
tt9824690	nm2098883	nm4470708,nm4470888,nm10477869,nm1199935,nm1273207
tt9824692	nm2098883	nm4470708,nm4470888,nm10477869,nm1199935,nm1273207
tt9824694	nm2098883	nm4470708,nm4470888,nm10477869,nm1199935,nm1273207
tt9824696	nm2098883	nm4470708,nm4470888,nm10477869,nm1199935,nm1273207
tt9824698	nm2098883	nm4470708,nm4470888,nm10477869,nm1199935,nm1273207
tt9824700	nm2098883	nm4470708,nm4470888,nm10477869,nm1199935,nm1273207
tt9824702	nm2098883	nm4470708,nm4470888,nm10477869,nm1199935,nm1273207
tt9824704	nm8345108	\N
tt9824706	nm2098883	nm4470708,nm4470888,nm10477869,nm1199935,nm1273207
tt9824708	nm2098883	nm4470708,nm4470888,nm10477869,nm1199935,nm1273207
tt9824710	nm2098883	nm4470708,nm4470888,nm10477869,nm1199935,nm1273207
tt9824712	nm2098883	nm4470708,nm4470888,nm10477869,nm1199935,nm1273207
tt9824714	nm2098883	nm4470708,nm4470888,nm10477869,nm1199935,nm1273207
tt9824716	nm2098883	nm4470708,nm4470888,nm10477869,nm1199935,nm1273207
tt9824720	nm2098883	nm4470708,nm4470888,nm10477869,nm1199935,nm1273207
tt9824722	nm2098883	nm4470708,nm4470888,nm10477869,nm1199935,nm1273207
tt9824724	nm0136649,nm0297591,nm0609911	nm2991402,nm2000096
tt9824726	nm8329439	nm8329439
tt9824728	nm4395808,nm9987936,nm8744023	nm10024986,nm4379163,nm4395808
tt9824732	nm8744023,nm9987936,nm4395808	nm10024986,nm4379163,nm4395808
tt9824734	nm9987936,nm4395808,nm8744023	nm10024986,nm4379163,nm4395808
tt9824736	nm9987936,nm4395808,nm8744023	nm10024986,nm4379163,nm4395808
tt9824738	nm8744023,nm9987936,nm4395808	nm10024986,nm4379163,nm4395808
tt9824740	nm8744023,nm9987936,nm4395808	nm10024986,nm4379163,nm4395808
tt9824742	nm9987936,nm4395808,nm8744023	nm10024986,nm4379163,nm4395808
tt9824744	nm8744023,nm4395808,nm9987936	nm10024986,nm4379163,nm4395808
tt9824746	nm4395808,nm9987936,nm8744023	nm10024986,nm4379163,nm4395808
tt9824748	nm8744023,nm9987936,nm4395808	nm10024986,nm4379163,nm4395808
tt9824750	nm4395808,nm9987936,nm8744023	nm10024986,nm4379163,nm4395808
tt9824752	nm4395808,nm8744023,nm9987936	nm10024986,nm4379163,nm4395808
tt9824754	nm4395808,nm8744023,nm9987936	nm10024986,nm4379163,nm4395808
tt9824756	nm4395808,nm9987936,nm8744023	nm10024986,nm4379163,nm4395808
tt9824758	nm9987936,nm8744023,nm4395808	nm10024986,nm4379163,nm4395808
tt9824760	nm9987936,nm8744023,nm4395808	nm10024986,nm4379163,nm4395808
tt9824762	nm9987936,nm8744023,nm4395808	nm10024986,nm4379163,nm4395808,nm2186795
tt9824764	nm8744023,nm9987936,nm4395808	nm10024986,nm4379163,nm4395808
tt9824766	nm4395808,nm9987936,nm8744023	nm10024986,nm4379163,nm4395808
tt9824768	nm4395808,nm8744023,nm9987936	nm10024986,nm4379163,nm4395808
tt9824770	\N	\N
tt9824772	nm11827465,nm8744023	nm4379163
tt9824774	nm11827465,nm8744023	nm4379163
tt9824776	nm11827465,nm8744023	nm4379163
tt9824778	nm8744023,nm11827465	nm4379163
tt9824780	nm8744023,nm11827465	nm4379163
tt9824782	nm8744023,nm11827465	nm4379163
tt9824784	\N	\N
tt9824786	nm8744023,nm11827465	nm4379163
tt9824788	nm8744023,nm11827465	nm4379163
tt9824790	nm11827465,nm8744023	nm4379163
tt9824792	nm11827465,nm8744023	nm4379163
tt9824794	nm8744023,nm11827465	nm4379163
tt9824796	nm11827465,nm8744023	nm4379163
tt9824798	nm8744023,nm11827465	nm4379163
tt9824800	nm11827465,nm8744023	nm4379163
tt9824802	nm8744023,nm11827465	nm4379163
tt9824804	nm11827465,nm8744023	nm4379163
tt9824806	\N	nm3782756,nm0892563
tt9824808	\N	nm3782756,nm0892563
tt9824810	nm8744023,nm11827465	nm4379163
tt9824812	nm11827465,nm8744023	nm4379163
tt9824814	nm11827465,nm8744023	nm4379163
tt9824816	nm11827465,nm8744023	nm4379163
tt9824818	nm4356059	nm4356059
tt9824820	nm9505932	nm10476119,nm6446531
tt9824822	nm9505932	nm10476119,nm6446531
tt9824824	nm9505932	nm10476119,nm6446531
tt9824826	nm9505932	nm10476119,nm6446531
tt9824828	nm9505932	nm10476119,nm6446531
tt9824830	nm9505932	nm10476119,nm6446531
tt9824832	nm9505932	nm10476119,nm6446531
tt9824834	nm9505932	nm10476119,nm6446531
tt9824836	nm9505932	nm10476119,nm6446531
tt9824838	nm9505932	nm10476119,nm6446531
tt9824840	nm9505932	nm10476119,nm6446531
tt9824842	nm9505932	nm10476119,nm6446531
tt9824844	nm9505932	nm10476119,nm6446531
tt9824846	nm9505932	nm10476119,nm6446531
tt9824848	nm9505932	nm10476119,nm6446531
tt9824850	nm9505932	nm10476119,nm6446531
tt9824852	nm9505932	nm10476119,nm6446531
tt9824854	nm9505932	nm10476119,nm6446531
tt9824856	nm10497256	\N
tt9824858	nm9505932	nm10476119,nm6446531
tt9824860	nm9505932	nm10476119,nm6446531
tt9824862	nm9505932	nm10476119,nm6446531
tt9824864	nm9505932	nm10476119,nm6446531
tt9824866	nm9505932	nm10476119,nm6446531
tt9824868	nm9505932	nm10476119,nm6446531
tt9824870	nm9505932	nm10476119,nm6446531
tt9824872	nm9505932	nm10476119,nm6446531
tt9824874	nm9505932	nm10476119,nm6446531
tt9824876	nm9505932	nm10476119,nm6446531
tt9824878	nm9505932	nm10476119,nm6446531
tt9824880	nm9505932	nm10476119,nm6446531
tt9824882	nm9505932	nm10476119,nm6446531
tt9824884	nm9505932	nm10476119,nm6446531
tt9824886	\N	nm11283795,nm2193655,nm2445302,nm0910476
tt9824890	\N	nm3782756,nm0892563
tt9824892	nm9505932	nm10476119,nm6446531
tt9824894	nm9505932	nm10476119,nm6446531
tt9824896	nm9505932	nm10476119,nm6446531
tt9824898	nm9505932	nm10476119,nm6446531
tt9824900	nm9505932	nm10476119,nm6446531
tt9824902	nm9505932	nm10476119,nm6446531
tt9824904	nm9505932	nm10476119,nm6446531
tt9824906	nm9505932	nm10476119,nm6446531
tt9824908	nm9505932	nm10476119,nm6446531
tt9824910	nm9505932	nm10476119,nm6446531
tt9824912	nm9505932	nm10476119,nm6446531
tt9824914	nm9505932	nm10476119,nm6446531
tt9824916	nm9505932	nm10476119,nm6446531
tt9824918	nm9505932	nm10476119,nm6446531
tt9824920	\N	\N
tt9824922	nm9505932	nm10476119,nm6446531
tt9824924	nm9505932	nm10476119,nm6446531
tt9824926	nm9505932	nm10476119,nm6446531
tt9824928	nm10320410	\N
tt9824930	nm9505932	nm10476119,nm6446531
tt9824932	nm9505932	nm10476119,nm6446531
tt9824934	nm9505932	nm10476119,nm6446531
tt9824936	\N	\N
tt9824938	\N	\N
tt9824940	nm4554346	nm4868313
tt9824942	nm4554346	nm4868313
tt9824944	nm4554346	nm4868313
tt9824946	nm4554346	nm4868313
tt9824948	\N	\N
tt9824950	nm4554346	nm4868313
tt9824952	nm4554346	nm4868313
tt9824954	nm4554346	nm4868313
tt9824956	nm4554346	nm4868313
tt9824958	nm4554346	nm4868313
tt9824960	nm4554346	nm4868313
tt9824962	nm2526638	nm2526638
tt9824964	nm4554346	nm4868313
tt9824966	\N	\N
tt9824968	nm4554346	nm4868313
tt9824970	nm4554346	nm4868313
tt9824972	nm4554346	nm4868313
tt9824974	nm4554346	nm4868313
tt9824976	nm4554346	nm4868313
tt9824978	nm4554346	nm4868313
tt9824980	\N	\N
tt9824982	nm4554346	nm4868313
tt9824984	nm4554346	nm4868313
tt9824986	nm4554346	nm4868313
tt9824988	nm4554346	nm4868313
tt9824990	nm4554346	nm4868313
tt9824992	\N	nm0282082
tt9824994	nm4554346	nm4868313
tt9824996	nm4554346	nm4868313
tt9824998	nm4554346	nm4868313
tt9825000	nm4554346	nm4868313
tt9825002	nm4554346	nm4868313
tt9825004	nm4554346	nm4868313
tt9825006	nm4679279	nm4486018
tt9825008	nm0592033	nm1796039,nm0592033
tt9825010	nm0592033	nm1796039,nm0592033
tt9825012	nm0592033	nm1796039,nm0592033
tt9825014	nm0592033	nm1796039,nm0592033
tt9825016	\N	\N
tt9825018	nm10320410	\N
tt9825020	nm3827259	nm3827259,nm10025842
tt9825022	nm0592033	nm1796039,nm0592033
tt9825024	nm0592033	nm1796039,nm0592033
tt9825026	nm0592033	nm1796039,nm0592033
tt9825028	nm10497275	nm10497277
tt9825030	nm0592033	nm1796039,nm0592033
tt9825032	nm0592033	nm1796039,nm0592033
tt9825034	nm0592033	nm1796039,nm0592033
tt9825036	nm0592033	nm1796039,nm0592033
tt9825038	nm0592033	nm1796039,nm0592033
tt9825040	nm0592033	nm1796039,nm0592033
tt9825042	nm0592033	nm1796039,nm0592033
tt9825044	nm0592033	nm1796039,nm0592033
tt9825046	nm0592033	nm1796039,nm0592033
tt9825048	nm0592033	nm1796039,nm0592033
tt9825050	nm0592033	nm1796039,nm0592033
tt9825052	nm0592033	nm1796039,nm0592033
tt9825054	nm0592033	nm1796039,nm0592033
tt9825056	nm0592033	nm1796039,nm0592033
tt9825058	nm0592033	nm1796039,nm0592033
tt9825060	nm0592033	nm1796039,nm0592033
tt9825062	nm0592033	nm1796039,nm0592033
tt9825064	nm0592033	nm1796039,nm0592033
tt9825066	nm0592033	nm1796039,nm0592033
tt9825068	nm0592033	nm1796039,nm0592033
tt9825070	nm0592033	nm1796039,nm0592033
tt9825072	nm0592033	nm1796039,nm0592033
tt9825074	nm0592033	nm1796039,nm0592033
tt9825076	nm0592033	nm1796039,nm0592033
tt9825078	nm0592033	nm1796039,nm0592033
tt9825080	nm0592033	nm1796039,nm0592033
tt9825082	nm0592033	nm1796039,nm0592033
tt9825084	nm0592033	nm1796039,nm0592033
tt9825086	nm0592033	nm1796039,nm0592033
tt9825088	nm0592033	nm1796039,nm0592033
tt9825090	nm0592033	nm1796039,nm0592033
tt9825092	nm0592033	nm1796039,nm0592033
tt9825094	\N	\N
tt9825096	nm0592033	nm1796039,nm0592033
tt9825098	nm8416767	\N
tt9825100	nm2734058	nm10496152
tt9825102	nm0592033	nm1796039,nm0592033
tt9825104	nm0592033	nm1796039,nm0592033
tt9825106	nm0592033	nm1796039,nm0592033
tt9825108	\N	\N
tt9825110	nm0592033	nm1796039,nm0592033
tt9825112	nm0592033	nm1796039,nm0592033
tt9825114	nm0592033	nm1796039,nm0592033
tt9825116	nm0592033	nm1796039,nm0592033
tt9825118	nm0592033	nm1796039,nm0592033
tt9825120	nm0592033	nm1796039,nm0592033
tt9825122	nm0592033	nm1796039,nm0592033
tt9825124	nm0592033	nm1796039,nm0592033
tt9825126	nm0592033	nm1796039,nm0592033
tt9825128	nm0592033	nm1796039,nm0592033
tt9825130	nm0592033	nm1796039,nm0592033
tt9825132	nm0592033	nm1796039,nm0592033
tt9825134	nm0592033	nm1796039,nm0592033
tt9825136	nm0592033	nm1796039,nm0592033
tt9825138	nm0592033	nm1796039,nm0592033
tt9825140	nm0592033	nm1796039,nm0592033
tt9825142	nm0592033	nm1796039,nm0592033
tt9825144	nm0212492	\N
tt9825146	\N	\N
tt9825148	\N	\N
tt9825150	nm7207144,nm2151599	nm8126550,nm6311481
tt9825154	\N	\N
tt9825156	\N	\N
tt9825158	nm7207144,nm2151599	nm8126550,nm6311481
tt9825160	nm7207144,nm2151599	nm8126550,nm6311481
tt9825162	nm7207144,nm2151599	nm8126550,nm6311481
tt9825164	nm7207144,nm2151599	nm8126550,nm6311481
tt9825166	nm7207144,nm2151599	nm8126550,nm6311481
tt9825168	nm2151599,nm7207144	nm8126550,nm6311481
tt9825170	nm7207144,nm2151599	nm8126550,nm6311481
tt9825172	nm9450330	nm9450330
tt9825174	nm7207144,nm2151599	nm8126550,nm6311481
tt9825176	nm2151599,nm7207144	nm8126550,nm6311481
tt9825178	nm2151599,nm7207144	nm8126550,nm6311481
tt9825180	nm7207144,nm2151599	nm8126550,nm6311481
tt9825182	nm2151599,nm7207144	nm8126550,nm6311481
tt9825184	nm7207144,nm2151599	nm8126550,nm6311481
tt9825188	nm2151599,nm7207144	nm8126550,nm6311481
tt9825190	nm7207144,nm2151599	nm8126550,nm6311481
tt9825194	nm3379945	nm10495134,nm10495132,nm10495129,nm10495131,nm10495128,nm6596260,nm10495135,nm10155952,nm10495130,nm10495133
tt9825196	nm2151599,nm7207144	nm8126550,nm6311481
tt9825198	nm7207144,nm2151599	nm8126550,nm6311481
tt9825200	nm2151599,nm7207144	nm8126550,nm6311481
tt9825202	nm7207144,nm2151599	nm8126550,nm6311481
tt9825206	nm10468498,nm10497295	nm10501584,nm10501590,nm10501586,nm10468498,nm10497295,nm10501585,nm10501583,nm10501587,nm5954679
tt9825208	nm2151599,nm7207144	nm8126550,nm6311481
tt9825210	nm7207144,nm2151599	nm8126550,nm6311481
tt9825212	nm7207144,nm2151599	nm8126550,nm6311481
tt9825216	nm7207144,nm2151599	nm8126550,nm6311481
tt9825218	nm2151599,nm7207144	nm8126550,nm6311481
tt9825220	nm2151599,nm7207144	nm8126550,nm6311481
tt9825222	nm2151599,nm7207144	nm8126550,nm6311481
tt9825224	nm7207144,nm2151599	nm8126550,nm6311481
tt9825226	nm7207144,nm2151599	nm8126550,nm6311481
tt9825228	nm3379945	nm10495134,nm10495132,nm10495129,nm10495131,nm10495128,nm6596260,nm10495135,nm10155952,nm10495130,nm10495133
tt9825230	nm7207144,nm2151599	nm8126550,nm6311481
tt9825232	nm2151599,nm7207144	nm8126550,nm6311481
tt9825234	nm2151599,nm7207144	nm8126550,nm6311481
tt9825236	nm2151599,nm7207144	nm8126550,nm6311481
tt9825238	\N	\N
tt9825240	nm2151599,nm7207144	nm8126550,nm6311481
tt9825242	nm7207144,nm2151599	nm8126550,nm6311481
tt9825244	nm2151599,nm7207144	nm8126550,nm6311481
tt9825246	nm7207144,nm2151599	nm8126550,nm6311481
tt9825248	nm3379945	nm10495134,nm10495132,nm10495129,nm10495131,nm10495128,nm6596260,nm10495135,nm10155952,nm10495130,nm10495133
tt9825250	nm0297239	\N
tt9825252	nm7207144,nm2151599	nm8126550,nm6311481
tt9825254	nm7207144,nm2151599	nm8126550,nm6311481
tt9825256	nm2151599,nm7207144	nm8126550,nm6311481
tt9825258	nm0297239	\N
tt9825260	nm7207144,nm2151599	nm8126550,nm6311481
tt9825262	nm7207144,nm2151599	nm8126550,nm6311481
tt9825264	nm2151599,nm7207144	nm8126550,nm6311481
tt9825266	nm2151599,nm7207144	nm8126550,nm6311481
tt9825268	nm7207144,nm2151599	nm8126550,nm6311481
tt9825270	nm7207144,nm2151599	nm8126550,nm6311481
tt9825272	nm7207144,nm2151599	nm8126550,nm6311481
tt9825274	nm7207144,nm2151599	nm8126550,nm6311481
tt9825276	nm7207144,nm2151599	nm8126550,nm6311481
tt9825278	nm7207144,nm2151599	nm8126550,nm6311481
tt9825280	nm2151599,nm7207144	nm8126550,nm6311481
tt9825284	nm2151599,nm7207144	nm8126550,nm6311481
tt9825286	nm2151599,nm7207144	nm8126550,nm6311481
tt9825288	\N	\N
tt9825290	nm2151599,nm7207144	nm8126550,nm6311481
tt9825292	nm7207144,nm2151599	nm8126550,nm6311481
tt9825294	\N	\N
tt9825298	nm2151599,nm7207144	nm8126550,nm6311481
tt9825300	nm2151599,nm7207144	nm8126550,nm6311481
tt9825302	nm2151599,nm7207144	nm8126550,nm6311481
tt9825304	nm7207144,nm2151599	nm8126550,nm6311481
tt9825306	nm7973071	nm10038861,nm8981897,nm10028303
tt9825308	nm7207144,nm2151599	nm8126550,nm6311481
tt9825312	\N	\N
tt9825314	nm3379945	nm10495134,nm10495132,nm10495129,nm10495131,nm10495128,nm6596260,nm10495135,nm10155952,nm10495130,nm10495133
tt9825318	nm7973071	nm10038861,nm8981897,nm10028303
tt9825320	nm7207144,nm2151599,nm10604490	nm8126550,nm6311481
tt9825322	nm7207144,nm2151599,nm10604490	nm8126550,nm6311481
tt9825324	nm7207144,nm2151599,nm10604490	nm8126550,nm6311481
tt9825326	nm3379945	nm10495134,nm10495132,nm10495129,nm10495131,nm10495128,nm6596260,nm10495135,nm10155952,nm10495130,nm10495133
tt9825328	nm7207144,nm10604490,nm2151599	nm8126550,nm6311481
tt9825330	nm3379945	nm10495134,nm10495132,nm10495129,nm10495131,nm10495128,nm6596260,nm10495135,nm10155952,nm10495130,nm10495133
tt9825332	nm10497311,nm10497312	nm10497311
tt9825334	nm2151599,nm10604490,nm7207144	nm8126550,nm6311481
tt9825336	nm10604490,nm2151599,nm7207144	nm8126550,nm6311481
tt9825338	nm3379945	nm10495134,nm10495132,nm10495129,nm10495131,nm10495128,nm6596260,nm10495135,nm10155952,nm10495130,nm10495133
tt9825340	nm2151599,nm7207144,nm10604490	nm8126550,nm6311481
tt9825342	nm10604490,nm7207144,nm2151599	nm8126550,nm6311481
tt9825344	nm2151599,nm10604490,nm7207144	nm8126550,nm6311481
tt9825346	nm7207144,nm2151599,nm10604490	nm8126550,nm6311481
tt9825348	nm0945428	nm1148576,nm0945428
tt9825350	nm3379945	nm10495134,nm10495132,nm10495129,nm10495131,nm10495128,nm6596260,nm10495135,nm10155952,nm10495130,nm10495133
tt9825352	nm7207144,nm2151599,nm10604490	nm8126550,nm6311481
tt9825354	nm2151599,nm10604490,nm7207144	nm8126550,nm6311481
tt9825356	nm2151599,nm7207144,nm10604490	nm8126550,nm6311481
tt9825358	\N	\N
tt9825360	nm10604490,nm7207144,nm2151599	nm8126550,nm6311481
tt9825362	nm10604490,nm2151599,nm7207144	nm8126550,nm6311481
tt9825364	nm3379945	nm10495134,nm10495132,nm10495129,nm10495131,nm10495128,nm6596260,nm10495135,nm10155952,nm10495130,nm10495133
tt9825366	\N	\N
tt9825368	nm3379945	nm10495134,nm10495132,nm10495129,nm10495131,nm10495128,nm6596260,nm10495135,nm10155952,nm10495130,nm10495133
tt9825370	nm10604490,nm2151599,nm7207144	nm8126550,nm6311481
tt9825372	nm2151599,nm10604490,nm7207144	nm8126550,nm6311481
tt9825374	nm10604490,nm2151599,nm7207144	nm8126550,nm6311481
tt9825376	\N	\N
tt9825378	nm10604490,nm7207144,nm2151599	nm8126550,nm6311481
tt9825380	\N	\N
tt9825382	\N	\N
tt9825384	\N	\N
tt9825386	\N	\N
tt9825388	nm10604490,nm2151599,nm7207144	nm8126550,nm6311481
tt9825390	nm3379945	nm10495134,nm10495132,nm10495129,nm10495131,nm10495128,nm6596260,nm10495135,nm10155952,nm10495130,nm10495133
tt9825392	nm2151599,nm7207144,nm10604490	nm8126550,nm6311481
tt9825394	\N	\N
tt9825396	nm10604490,nm7207144,nm2151599	nm8126550,nm6311481
tt9825398	nm10604490,nm7207144,nm2151599	nm8126550,nm6311481
tt9825400	\N	\N
tt9825402	nm2151599,nm10604490,nm7207144	nm8126550,nm6311481
tt9825404	\N	\N
tt9825406	nm3379945	nm10495134,nm10495132,nm10495129,nm10495131,nm10495128,nm6596260,nm10495135,nm10155952,nm10495130,nm10495133
tt9825408	\N	\N
tt9825410	nm10604490,nm2151599,nm7207144	nm8126550,nm6311481
tt9825412	nm7207144,nm2151599,nm10604490	nm8126550,nm6311481
tt9825414	nm7207144,nm2151599,nm10604490	nm8126550,nm6311481
tt9825416	\N	\N
tt9825418	nm3379945	nm10495134,nm10495132,nm10495129,nm10495131,nm10495128,nm6596260,nm10495135,nm10155952,nm10495130,nm10495133
tt9825420	\N	\N
tt9825422	\N	\N
tt9825424	\N	\N
tt9825426	\N	\N
tt9825428	\N	\N
tt9825430	nm3379945	nm10495134,nm10495132,nm10495129,nm10495131,nm10495128,nm6596260,nm10495135,nm10155952,nm10495130,nm10495133
tt9825432	\N	\N
tt9825434	\N	\N
tt9825436	nm5050736	nm8355666,nm1059615
tt9825438	\N	\N
tt9825440	nm3379945	nm10495134,nm10495132,nm10495129,nm10495131,nm10495128,nm6596260,nm10495135,nm10155952,nm10495130,nm10495133
tt9825442	\N	\N
tt9825444	\N	\N
tt9825446	nm3379945	nm10495134,nm10495132,nm10495129,nm10495131,nm10495128,nm6596260,nm10495135,nm10155952,nm10495130,nm10495133
tt9825448	\N	\N
tt9825450	nm5050736	nm8355666,nm1059615
tt9825452	nm5050736	nm8355666,nm1059615
tt9825454	nm5050736	nm8355666,nm1059615
tt9825456	nm3379945	nm10495134,nm10495132,nm10495129,nm10495131,nm10495128,nm6596260,nm10495135,nm10155952,nm10495130,nm10495133
tt9825458	nm5050736	nm8355666,nm1059615
tt9825460	nm3379945	nm10495134,nm10495132,nm10495129,nm10495131,nm10495128,nm6596260,nm10495135,nm10155952,nm10495130,nm10495133
tt9825462	nm4489288	nm4489288
tt9825464	nm5050736	nm8355666,nm1059615
tt9825466	nm3379945	nm10495134,nm10495132,nm10495129,nm10495131,nm10495128,nm6596260,nm10495135,nm10155952,nm10495130,nm10495133
tt9825468	nm5050736	nm8355666,nm1059615
tt9825470	nm5050736	nm8355666,nm1059615
tt9825472	nm5050736	nm8355666,nm1059615
tt9825474	\N	\N
tt9825476	nm3379945	nm10495134,nm10495132,nm10495129,nm10495131,nm10495128,nm6596260,nm10495135,nm10155952,nm10495130,nm10495133
tt9825478	nm5050736	nm8355666,nm1059615
tt9825480	nm5050736	nm8355666,nm1059615
tt9825482	nm5050736	nm8355666,nm1059615
tt9825484	nm5050736	nm8355666,nm1059615
tt9825486	\N	\N
tt9825488	nm5050736	nm8355666,nm1059615
tt9825490	nm5050736	nm8355666,nm1059615
tt9825492	nm5050736	nm8355666,nm1059615
tt9825494	nm5050736	nm8355666,nm1059615
tt9825496	\N	\N
tt9825498	nm5050736	nm8355666,nm1059615
tt9825500	nm5050736	nm8355666,nm1059615
tt9825502	nm5050736	nm8355666,nm1059615
tt9825504	nm5050736	nm8355666,nm1059615
tt9825506	\N	\N
tt9825508	nm5050736	nm8355666,nm1059615
tt9825510	nm5050736	nm8355666,nm1059615
tt9825512	nm4303832	nm4303832
tt9825514	nm5050736	nm8355666,nm1059615
tt9825516	\N	\N
tt9825518	\N	\N
tt9825520	nm4489288	nm4489288
tt9825522	\N	\N
tt9825524	nm2098883	nm2276735
tt9825526	nm2098883	nm2276735
tt9825528	\N	\N
tt9825530	nm2098883	nm2276735
tt9825532	nm2098883	nm2276735
tt9825534	nm2098883	nm2276735
tt9825536	nm2098883	nm2276735
tt9825538	nm2098883	nm2276735
tt9825540	nm6915658	nm10094106,nm6915658
tt9825542	nm2098883	nm2276735
tt9825544	nm2098883	nm2276735
tt9825546	\N	\N
tt9825548	nm2098883	nm2276735
tt9825550	nm2098883	nm2276735
tt9825552	nm2098883	nm2276735
tt9825554	nm2098883	nm2276735
tt9825556	nm2098883	nm2276735
tt9825558	nm2098883	nm2276735
tt9825560	nm2098883	nm2276735
tt9825562	nm2098883	nm2276735
tt9825564	nm2098883	nm2276735
tt9825566	\N	\N
tt9825568	nm2098883	nm2276735
tt9825570	nm2098883	nm2276735
tt9825572	\N	\N
tt9825574	nm4489288	nm4489288
tt9825578	\N	\N
tt9825580	nm2098883	nm2276735
tt9825582	nm2098883	nm2276735
tt9825584	nm2098883	nm2276735
tt9825586	nm2098883	nm2276735
tt9825588	nm2098883	nm2276735
tt9825590	nm2098883	nm2276735
tt9825592	\N	\N
tt9825594	nm2098883	nm2276735
tt9825596	nm2098883	nm2276735
tt9825598	nm2098883	nm2276735
tt9825600	nm2098883	nm2276735
tt9825602	nm2098883	nm2276735
tt9825606	nm2098883	nm2276735
tt9825608	nm2098883	nm2276735
tt9825610	nm2098883	nm2276735
tt9825612	nm2098883	nm2276735
tt9825614	\N	\N
tt9825616	nm2098883	nm2276735
tt9825618	nm2098883	nm2276735
tt9825620	nm2098883	nm2276735
tt9825622	nm2098883	nm2276735
tt9825624	nm2098883	nm2276735
tt9825626	nm4489288	nm4489288
tt9825628	nm9505932	nm1939626,nm5443466
tt9825630	nm9505932	nm1939626,nm5443466
tt9825632	nm9505932	nm1939626,nm5443466
tt9825634	\N	\N
tt9825636	nm9505932	nm1939626,nm5443466
tt9825638	nm9505932	nm1939626,nm5443466
tt9825640	nm9818476	nm9818476
tt9825642	nm9505932	nm1939626,nm5443466
tt9825644	nm9505932	nm1939626,nm5443466
tt9825646	nm9505932	nm1939626,nm5443466
tt9825648	nm9505932	nm1939626,nm5443466
tt9825650	nm9505932	nm1939626,nm5443466
tt9825652	\N	\N
tt9825654	nm9505932	nm1939626,nm5443466
tt9825656	nm9505932	nm1939626,nm5443466
tt9825658	nm9505932	nm1939626,nm5443466
tt9825660	nm9505932	nm1939626,nm5443466
tt9825664	nm9505932	nm1939626,nm5443466
tt9825666	nm9505932	nm1939626,nm5443466
tt9825668	nm9505932	nm1939626,nm5443466
tt9825670	nm9505932	nm1939626,nm5443466
tt9825672	nm9505932	nm1939626,nm5443466
tt9825674	nm9505932	nm1939626,nm5443466
tt9825676	\N	\N
tt9825678	nm1200234	nm0080139,nm1516043,nm1199935
tt9825680	nm1200234	nm0080139,nm1516043,nm1199935
tt9825682	nm1200234	nm0080139,nm1516043,nm1199935
tt9825684	nm4489288	nm4489288
tt9825686	nm1200234	nm0080139,nm1516043,nm1199935
tt9825688	nm1200234	nm0080139,nm1516043,nm1199935
tt9825690	nm1200234	nm0080139,nm1516043,nm1199935
tt9825692	\N	\N
tt9825694	nm1200234	nm0080139,nm1516043,nm1199935
tt9825696	nm2734058	nm10496152
tt9825698	nm4035324	nm1571117,nm4188148,nm6672397,nm5322018,nm5670417,nm7738529
tt9825700	nm1200234	nm0080139,nm1516043,nm1199935
tt9825702	nm1200234	nm0080139,nm1516043,nm1199935
tt9825704	nm1200234	nm0080139,nm1516043,nm1199935
tt9825706	nm1200234	nm0080139,nm1516043,nm1199935
tt9825708	nm1200234	nm0080139,nm1516043,nm1199935
tt9825710	nm1200234	nm0080139,nm1516043,nm1199935
tt9825712	nm1200234	nm0080139,nm1516043,nm1199935
tt9825714	nm1200234	nm0080139,nm1516043,nm1199935
tt9825716	nm1200234	nm0080139,nm1516043,nm1199935
tt9825718	nm1200234	nm0080139,nm1516043,nm1199935
tt9825720	nm1200234	nm0080139,nm1516043,nm1199935
tt9825722	nm1200234	nm0080139,nm1516043,nm1199935
tt9825724	nm1200234	nm0080139,nm1516043,nm1199935
tt9825726	\N	\N
tt9825728	nm4489288	nm4489288
tt9825730	nm0847695	nm0452884,nm0945537
tt9825732	nm1584614	nm2459322
tt9825734	\N	\N
tt9825736	nm0349982	nm2899199,nm4246710
tt9825738	nm1856745,nm1856740	nm1869642,nm1628284
tt9825740	\N	\N
tt9825742	nm1856740,nm1856745	nm1869642,nm1628284
tt9825744	nm1856740,nm1856745	nm1869642,nm1628284
tt9825746	\N	\N
tt9825748	nm4489288	nm4489288
tt9825750	nm1856740,nm1856745	nm1869642,nm1628284
tt9825752	nm1856745,nm1856740	nm1869642,nm1628284
tt9825754	nm1856740,nm1856745	nm1869642,nm1628284
tt9825756	nm1856745,nm1856740	nm1869642,nm1628284
tt9825758	\N	\N
tt9825760	nm1856745,nm1856740	nm1869642,nm1628284
tt9825762	nm1856745,nm1856740	nm1869642,nm1628284
tt9825764	nm0053323	\N
tt9825766	nm1856740,nm1856745	nm1869642,nm1628284
tt9825768	nm1856740,nm1856745	nm1869642,nm1628284
tt9825770	\N	\N
tt9825772	nm1856740,nm1856745	nm1869642,nm1628284
tt9825774	nm1856740,nm1856745	nm1869642,nm1628284
tt9825776	nm1856740,nm1856745	nm1869642,nm1628284
tt9825778	nm1856745,nm1856740	nm1869642,nm1628284
tt9825780	\N	\N
tt9825782	nm1856740,nm1856745	nm1869642,nm1628284
tt9825784	nm1856745,nm1856740	nm1869642,nm1628284
tt9825786	nm4489288	nm4489288
tt9825788	nm1856745,nm1856740	nm1869642,nm1628284
tt9825790	nm1584614	nm2459322
tt9825792	\N	\N
tt9825794	nm1856740,nm1856745	nm1869642,nm1628284
tt9825796	nm0161087	nm0888714
tt9825798	\N	\N
tt9825800	\N	\N
tt9825802	\N	\N
tt9825804	\N	\N
tt9825806	\N	\N
tt9825808	\N	\N
tt9825810	\N	\N
tt9825812	\N	\N
tt9825814	\N	\N
tt9825816	\N	\N
tt9825818	nm1584614	nm2454964
tt9825820	\N	\N
tt9825822	\N	\N
tt9825824	nm0161087	nm6034971
tt9825826	\N	\N
tt9825828	\N	\N
tt9825830	nm2753990	\N
tt9825832	\N	\N
tt9825834	nm0161087	nm2454964
tt9825836	\N	\N
tt9825838	\N	\N
tt9825840	\N	\N
tt9825842	\N	\N
tt9825844	\N	\N
tt9825846	\N	\N
tt9825848	\N	\N
tt9825850	\N	\N
tt9825854	\N	\N
tt9825856	\N	\N
tt9825858	\N	\N
tt9825860	\N	\N
tt9825862	\N	\N
tt9825864	\N	\N
tt9825866	\N	\N
tt9825868	nm4489288	nm4489288
tt9825870	\N	\N
tt9825872	\N	\N
tt9825874	\N	\N
tt9825876	\N	\N
tt9825878	\N	\N
tt9825880	nm0970382	nm10517094,nm0503317,nm2863837
tt9825882	nm0881386	nm2586970
tt9825884	\N	\N
tt9825886	\N	\N
tt9825888	\N	\N
tt9825890	\N	\N
tt9825892	nm1495139	nm0131799,nm0116263,nm9112740,nm5393023
tt9825894	\N	\N
tt9825896	nm4489288	nm4489288
tt9825898	nm4589090	nm4589090
tt9825900	\N	\N
tt9825902	nm8498176,nm1516005,nm4443289	nm9494566,nm2761502,nm6945450
tt9825904	\N	\N
tt9825906	\N	\N
tt9825910	nm1516005,nm4443289,nm8498176	nm9494566,nm2761502,nm6945450
tt9825912	\N	\N
tt9825914	\N	\N
tt9825916	nm4138720	nm4138720
tt9825918	\N	\N
tt9825920	\N	\N
tt9825922	\N	\N
tt9825924	\N	\N
tt9825926	\N	\N
tt9825928	nm8498176,nm4443289,nm1516005	nm9494566,nm2761502,nm6945450
tt9825930	nm1516005,nm8498176,nm4443289	nm9494566,nm2761502,nm6945450
tt9825932	nm4443289,nm1516005,nm8498176	nm9494566,nm2761502,nm6945450
tt9825934	nm1516005,nm8498176,nm4443289	nm9494566,nm2761502,nm6945450
tt9825936	nm1516005,nm4443289,nm8498176	nm9494566,nm2761502,nm6945450
tt9825938	nm8498176,nm4443289,nm1516005	nm9494566,nm2761502,nm6945450
tt9825940	nm6060335	nm7761332,nm7032871,nm0421079,nm10441328,nm3047548,nm2759087,nm3968525,nm0674659,nm1997137,nm4739681,nm2260826,nm4740354,nm0221133
tt9825942	nm4443289,nm1516005,nm8498176	nm9494566,nm2761502,nm6945450
tt9825944	nm8498176,nm1516005,nm4443289	nm9494566,nm2761502,nm6945450
tt9825946	nm1516005,nm8498176,nm4443289	nm9494566,nm2761502,nm6945450
tt9825948	nm1516005,nm4443289,nm8498176	nm9494566,nm2761502,nm6945450
tt9825950	nm1516005,nm8498176,nm4443289	nm9494566,nm2761502,nm6945450
tt9825952	nm8498176,nm4443289,nm1516005	nm9494566,nm2761502,nm6945450
tt9825954	nm1516005,nm8498176,nm4443289	nm9494566,nm2761502,nm6945450
tt9825956	nm8498176,nm4443289,nm1516005	nm9494566,nm2761502,nm6945450
tt9825958	nm1516005,nm8498176,nm4443289	nm9494566,nm2761502,nm6945450
tt9825960	nm1516005,nm4443289,nm8498176	nm9494566,nm2761502,nm6945450
tt9825962	nm1516005,nm8498176,nm4443289	nm9494566,nm2761502,nm6945450
tt9825964	nm1516005,nm8498176,nm4443289	nm9494566,nm2761502,nm6945450
tt9825966	nm1516005,nm4443289,nm8498176	nm9494566,nm2761502,nm6945450
tt9825968	nm8498176,nm1516005,nm4443289	nm9494566,nm2761502,nm6945450
tt9825970	nm8498176,nm1516005,nm4443289	nm9494566,nm2761502,nm6945450
tt9825972	\N	\N
tt9825974	nm1516005,nm4443289,nm8498176	nm9494566,nm2761502,nm6945450
tt9825976	nm1516005,nm8498176,nm4443289	nm9494566,nm2761502,nm6945450
tt9825978	nm8498176,nm4443289,nm1516005	nm9494566,nm2761502,nm6945450
tt9825980	nm4443289,nm8498176,nm1516005	nm9494566,nm2761502,nm6945450
tt9825982	nm4443289,nm1516005,nm8498176	nm9494566,nm2761502,nm6945450
tt9825984	nm1516005,nm8498176,nm4443289	nm9494566,nm2761502,nm6945450
tt9825986	nm4443289,nm8498176,nm1516005	nm9494566,nm2761502,nm6945450
tt9825988	nm8498176,nm4443289,nm1516005	nm9494566,nm2761502,nm6945450
tt9825990	nm1516005,nm8498176,nm4443289	nm9494566,nm2761502,nm6945450
tt9825992	nm1516005,nm8498176,nm4443289	nm9494566,nm2761502,nm6945450
tt9825994	nm8498176,nm1516005,nm4443289	nm9494566,nm2761502,nm6945450
tt9825996	nm4443289,nm8498176,nm1516005	nm9494566,nm2761502,nm6945450
tt9825998	nm8498176,nm1516005,nm4443289	nm9494566,nm2761502,nm6945450
tt9826000	nm1516005,nm4443289,nm8498176	nm9494566,nm2761502,nm6945450
tt9826002	nm1516005,nm8498176,nm4443289	nm9494566,nm2761502,nm6945450
tt9826004	nm3919302	nm3919302
tt9826006	nm8498176,nm4443289,nm1516005	nm9494566,nm2761502,nm6945450
tt9826008	nm1516005,nm4443289,nm8498176	nm9494566,nm2761502,nm6945450
tt9826010	nm8498176,nm4443289,nm1516005	nm9494566,nm2761502,nm6945450
tt9826012	nm8498176,nm1516005,nm4443289	nm9494566,nm2761502,nm6945450
tt9826014	nm4443289,nm8498176,nm1516005	nm9494566,nm2761502,nm6945450
tt9826016	nm4443289,nm1516005,nm8498176	nm9494566,nm2761502,nm6945450
tt9826018	nm8498176,nm4443289,nm1516005	nm9494566,nm2761502,nm6945450
tt9826020	nm1516005,nm4443289,nm8498176	nm9494566,nm2761502,nm6945450
tt9826022	nm1516005,nm4443289,nm8498176	nm9494566,nm2761502,nm6945450
tt9826024	nm1516005,nm8498176,nm4443289	nm9494566,nm2761502,nm6945450
tt9826028	nm1516005,nm8498176,nm4443289	nm9494566,nm2761502,nm6945450
tt9826030	nm8498176,nm1516005,nm4443289	nm9494566,nm2761502,nm6945450
tt9826032	nm4443289,nm8498176,nm1516005	nm9494566,nm2761502,nm6945450
tt9826034	nm6724551	nm7611648
tt9826036	nm4443289,nm1516005,nm8498176	nm9494566,nm2761502,nm6945450
tt9826038	nm4443289,nm8498176,nm1516005	nm9494566,nm2761502,nm6945450
tt9826040	nm1516005,nm8498176,nm4443289	nm9494566,nm2761502,nm6945450
tt9826044	nm1516005,nm4443289,nm8498176	nm9494566,nm2761502,nm6945450
tt9826046	nm1115511,nm1979535,nm6488492	\N
tt9826048	nm0449969,nm0227827	nm1097330,nm0564053
tt9826050	nm0881386	nm2586970
tt9826052	\N	\N
tt9826054	nm1246883,nm1245286	nm1171770,nm1840982,nm2412793,nm2992600
tt9826056	nm4489288	nm4489288
tt9826058	nm2999318	nm0702880,nm4958267
tt9826060	nm6724551	nm7611648
tt9826062	nm2734058	nm10496152
tt9826064	nm4489288	nm4489288
tt9826066	nm4828142	nm4828142
tt9826068	nm6226633	nm10497397
tt9826072	nm4489288	nm4489288
tt9826074	nm6724551	nm7611648
tt9826076	nm1246883,nm1245286	nm1171770,nm1840982,nm2412793,nm2992600
tt9826078	nm2162655	\N
tt9826080	nm1245286,nm1246883	nm1171770,nm1840982,nm2412793,nm2992600
tt9826082	nm1246883,nm1245286	nm1171770,nm1840982,nm2412793,nm2992600
tt9826084	nm1246883,nm1245286	nm1171770,nm1840982,nm2412793,nm2992600
tt9826086	nm1246883,nm1245286	nm1171770,nm1840982,nm2412793,nm2992600
tt9826088	nm1246883,nm1245286	nm1171770,nm1840982,nm2412793,nm2992600
tt9826090	nm1245286,nm1246883	nm1171770,nm1840982,nm2412793,nm2992600
tt9826092	nm1245286,nm1246883	nm1171770,nm1840982,nm2412793,nm2992600
tt9826094	nm1246883,nm1245286	nm1171770,nm1840982,nm2412793,nm2992600
tt9826096	nm1246883,nm1245286	nm1171770,nm1840982,nm2412793,nm2992600
tt9826098	nm1245286,nm1246883	nm1171770,nm1840982,nm2412793,nm2992600
tt9826100	nm1246883,nm1245286	nm1171770,nm1840982,nm2412793,nm2992600
tt9826102	nm1246883,nm1245286	nm1171770,nm1840982,nm2412793,nm2992600
tt9826104	nm1245286,nm1246883	nm1171770,nm1840982,nm2412793,nm2992600
tt9826106	nm1246883,nm1245286	nm1171770,nm1840982,nm2412793,nm2992600
tt9826108	nm1245286,nm1246883	nm1171770,nm1840982,nm2412793,nm2992600
tt9826110	nm1246883,nm1245286	nm1171770,nm1840982,nm2412793,nm2992600
tt9826112	nm1245286,nm1246883	nm1171770,nm1840982,nm2412793,nm2992600
tt9826114	nm1245286,nm1246883	nm1171770,nm1840982,nm2412793,nm2992600
tt9826116	nm4828142	nm4828142
tt9826118	nm1246883,nm1245286	nm1171770,nm1840982,nm2412793,nm2992600
tt9826120	nm8876934	nm8876934
tt9826122	nm6724551	nm7611648
tt9826124	nm1542079	nm2691201,nm3362189,nm2891978,nm7738527,nm4311463,nm2771158
tt9826126	nm7421022	nm7421022,nm8509487
tt9826128	nm1516991	nm7192990
tt9826130	nm4489288	nm4489288
tt9826132	\N	\N
tt9826134	\N	\N
tt9826136	nm6724551	nm7301932
tt9826138	nm4828142	nm4828142
tt9826140	nm2086600	nm2086600,nm10497449
tt9826142	nm4489288	nm4489288
tt9826144	\N	\N
tt9826148	nm1516991	nm7192990
tt9826152	nm6724551	nm7611648
tt9826154	nm1516991	nm7192990
tt9826156	nm1516991	nm7192990
tt9826158	nm1516991	nm7192990
tt9826160	nm1516991	nm7192990
tt9826164	nm4489288	nm4489288
tt9826166	nm1516991	nm7192990
tt9826168	nm1516991	nm7192990
tt9826170	nm1516991	nm7192990
tt9826172	nm1516991	nm7192990
tt9826174	nm1516991	nm7192990
tt9826176	nm1516991	nm7192990
tt9826178	nm1516991	nm7192990
tt9826182	nm1516991	nm7192990
tt9826184	nm1516991	nm7192990
tt9826186	nm1516991	nm7192990
tt9826188	nm4828142	nm4828142
tt9826190	nm1516991	nm7192990
tt9826192	nm1516991	nm7192990
tt9826196	nm1516991	nm7192990
tt9826198	nm1516991	nm7192990
tt9826200	nm1516991	nm7192990
tt9826202	nm6724551	nm7301932
tt9826204	nm1516991	nm7192990
tt9826206	nm1935754	\N
tt9826208	nm10497472	nm10497472
tt9826210	nm1516991	nm7192990
tt9826212	nm1516991	nm7192990
tt9826214	nm1516991	nm7192990
tt9826216	nm1516991	nm7192990
tt9826218	nm1516991	nm7192990
tt9826220	nm1516991	nm7192990
tt9826222	nm1516991	nm7192990
tt9826224	nm1516991	nm7192990
tt9826226	nm0015846	nm3643860,nm4486392,nm3716161,nm2691201,nm2702814
tt9826228	nm1516991	nm7192990
tt9826230	nm1516991	nm7192990
tt9826232	nm1516991	nm7192990
tt9826234	nm1516991	nm7192990
tt9826236	nm1516991	nm7192990
tt9826238	nm1516991	nm7192990
tt9826240	nm1516991	nm7192990
tt9826242	nm1516991	nm7192990
tt9826244	nm1516991	nm7192990
tt9826246	nm1516991	nm7192990
tt9826248	nm1516991	nm7192990
tt9826250	nm1516991	nm7192990
tt9826256	nm1516991,nm5990160	nm7192990
tt9826258	nm1516991,nm5990160	nm7192990
tt9826260	nm6724551	nm7611648
tt9826264	nm5990160,nm1516991	nm7192990
tt9826266	nm1516991,nm5990160	nm7192990
tt9826268	nm1516991,nm5990160	nm7192990
tt9826270	nm5990160,nm1516991	nm7192990
tt9826272	nm1516991,nm5990160	nm7192990
tt9826274	nm5990160,nm1516991	nm7192990
tt9826276	nm5990160,nm1516991	nm7192990
tt9826278	nm5990160,nm1516991	nm7192990
tt9826280	nm4489288	nm4489288,nm4755526
tt9826282	nm4489288	nm4489288,nm4755526
tt9826284	nm6724551	nm7611648
tt9826286	nm2508880	nm0126459,nm1583645,nm7891080,nm2508880,nm9256349,nm0873608
tt9826288	nm4489288	nm4489288,nm4755526
tt9826292	nm4489288	nm4489288,nm4755526
tt9826294	nm0881386	nm2586970,nm1482639
tt9826296	nm4489288	nm4489288,nm4755526
tt9826298	nm10497497	\N
tt9826300	nm1391775	nm0796797
tt9826302	\N	\N
tt9826304	nm6393161	nm1689260,nm7487483,nm3774651
tt9826306	\N	\N
tt9826308	nm4489288	nm4489288,nm4755526
tt9826310	\N	\N
tt9826312	\N	\N
tt9826314	nm1618147	\N
tt9826316	\N	\N
tt9826318	nm4904052	nm4904052,nm7679879
tt9826320	\N	\N
tt9826322	nm0730355	nm8417196,nm0730355
tt9826324	\N	\N
tt9826326	nm4489288	nm4489288,nm4755526
tt9826328	nm1762881	nm0881624
tt9826332	\N	\N
tt9826340	\N	\N
tt9826342	\N	\N
tt9826344	nm0865778,nm2428999	nm12389856,nm12389858,nm12389857
tt9826346	\N	\N
tt9826348	nm4489288	nm4489288,nm4755526
tt9826350	\N	\N
tt9826352	\N	\N
tt9826354	nm6978546	nm6978546
tt9826356	nm10497532,nm10497533	nm10497532,nm10497533
tt9826358	nm4489288	nm4489288,nm4755526
tt9826360	\N	\N
tt9826362	\N	\N
tt9826364	\N	\N
tt9826366	\N	\N
tt9826368	\N	\N
tt9826370	\N	\N
tt9826372	nm3426557	\N
tt9826374	nm10030716	nm10030716
tt9826376	\N	\N
tt9826380	\N	\N
tt9826382	\N	\N
tt9826384	\N	\N
tt9826386	nm0228465,nm7175228	nm0117676,nm0117679,nm0989980,nm7823466,nm1569195,nm0856405,nm5551793,nm4699774,nm10455569,nm2330103,nm5522652
tt9826388	\N	\N
tt9826390	nm1287663	nm1287663
tt9826392	\N	\N
tt9826394	nm1367142,nm2364125	nm5568543,nm10452129,nm3063447,nm4906473,nm5755233,nm8897800,nm3526812
tt9826396	nm3426557	\N
tt9826398	\N	\N
tt9826400	\N	\N
tt9826402	nm2657726	\N
tt9826404	\N	\N
tt9826406	nm4489288	nm4489288,nm4755526
tt9826408	nm2741710	\N
tt9826410	\N	\N
tt9826412	\N	\N
tt9826414	\N	\N
tt9826416	\N	\N
tt9826418	\N	\N
tt9826420	nm4489288	nm4489288,nm4755526
tt9826422	\N	\N
tt9826424	\N	\N
tt9826426	\N	\N
tt9826428	nm0459160	nm0670749,nm7615069
tt9826430	nm4489288	nm4489288,nm4755526
tt9826432	nm3426557	\N
tt9826434	\N	\N
tt9826436	\N	\N
tt9826440	\N	\N
tt9826442	\N	\N
tt9826444	nm2741710	\N
tt9826446	nm4489288	nm4489288,nm4755526
tt9826448	\N	\N
tt9826450	nm3426557	\N
tt9826452	\N	\N
tt9826454	\N	\N
tt9826456	\N	\N
tt9826458	\N	\N
tt9826460	nm4489288	nm4489288,nm4755526
tt9826462	\N	\N
tt9826464	\N	\N
tt9826466	nm3426557	\N
tt9826468	nm4489288	nm4489288,nm4755526
tt9826470	nm4489288	nm4489288,nm4755526
tt9826472	nm6362557	\N
tt9826474	nm3426557	\N
tt9826476	nm9894382	nm10497593,nm10497592
tt9826478	nm0459160	nm5927248,nm7615069
tt9826480	nm8695252	nm8695252
tt9826482	nm3426557	\N
tt9826484	nm1287472	nm9855038,nm10545610
tt9826486	\N	\N
tt9826490	nm8823876	nm8823876
tt9826492	nm10376944	nm10376944,nm10102309
tt9826494	nm1744633	nm1744633
tt9826496	nm6674782	\N
tt9826498	nm9111074	nm9111074
tt9826500	nm8495603	nm8495603
tt9826502	nm7891348	nm7891348
tt9826504	nm1823226	nm0464175,nm0117679,nm8324962,nm2904821,nm8522074,nm5130852,nm3198398
tt9826506	\N	\N
tt9826508	nm9864452	nm9864452,nm9456596
tt9826510	\N	\N
tt9826512	\N	\N
tt9826514	\N	nm0193681,nm3169366
tt9826516	\N	\N
tt9826518	nm0465941	nm1146564
tt9826520	nm4476768,nm2280824	nm10497642,nm4476768,nm5451587,nm2280824
tt9826522	\N	nm9689738
tt9826524	nm3429759,nm10791425,nm8597771,nm6005953	nm7704958,nm3406590,nm1345272
tt9826526	nm9671401	nm9671401,nm0794321
tt9826528	nm3691105	nm3691105
tt9826530	nm4489288	nm4755526
tt9826532	nm8839481	nm8839481
tt9826534	nm8642622	nm8642622
tt9826536	nm0643427	\N
tt9826538	nm1233826	nm2234748
tt9826540	nm10497652	nm10497652,nm10505597
tt9826542	nm5086881	nm4489288,nm5086881
tt9826544	\N	\N
tt9826546	nm9361688	nm9361689
tt9826548	nm1744633	nm5179820
tt9826550	nm0913835	\N
tt9826552	nm0764222	\N
tt9826554	nm3193774	\N
tt9826558	nm10320410	\N
tt9826560	nm10320410	\N
tt9826564	nm10320410	\N
tt9826566	nm10320410	\N
tt9826568	nm4981323	nm4489288
tt9826570	nm10320410	\N
tt9826572	nm10320410	\N
tt9826574	nm10430931,nm10430929	nm10430929,nm10430931
tt9826576	\N	nm9671401,nm0794321
tt9826578	nm10320410	\N
tt9826580	nm10320410	\N
tt9826582	nm10320410	\N
tt9826584	nm10320410	\N
tt9826586	nm10320410	\N
tt9826588	\N	nm6026760
tt9826590	nm2274486	nm2274486,nm10497690
tt9826592	\N	\N
tt9826594	\N	\N
tt9826598	nm8488252	nm7879720
tt9826600	nm4407651	nm4407651
tt9826604	nm9873788	\N
tt9826608	nm8642622	nm8642622
tt9826610	\N	\N
tt9826612	nm9797045	nm9797045
tt9826614	nm0212727,nm1446246,nm10497712	\N
tt9826620	nm9263073	nm10444890,nm8821618,nm6402554
tt9826622	nm3883906	nm3883906
tt9826624	nm3973010	nm3973010
tt9826626	\N	nm4913514
tt9826628	nm2375975,nm7032639,nm10978744,nm9249516,nm1732940,nm9343671,nm10497760	nm9918690,nm11871999,nm12347969
tt9826630	nm2374368,nm3331333,nm10061694	\N
tt9826632	nm0643427	\N
tt9826634	nm6058238	nm6058238
tt9826636	\N	\N
tt9826638	nm3035790,nm9634366	\N
tt9826640	nm2980507	nm0796950,nm0795975,nm0075528,nm0012100,nm1132610,nm2775540,nm4660381,nm0422471,nm9568267,nm7395765,nm8709513,nm3637677
tt9826642	nm4987192	nm4987192
tt9826644	nm0476206,nm4084827,nm0866661,nm5614206	nm5504028,nm2658098,nm1802524,nm10649792,nm0420640,nm2841452,nm2834874,nm4582245,nm2973437,nm1090791,nm1959289,nm1196235,nm10649797
tt9826646	nm2652025	\N
tt9826650	nm4084827,nm0866661,nm0476206,nm5614206	nm5504028,nm2658098,nm1802524,nm10649792,nm0420640,nm2776397,nm2841452,nm2834874,nm4582245,nm2973437,nm1090791,nm1959289,nm1196235,nm10649797
tt9826652	nm0643427	\N
tt9826654	nm4084827,nm5614206,nm0476206,nm0866661	nm5504028,nm2658098,nm1802524,nm10649792,nm0420640,nm2776397,nm2841452,nm2834874,nm4582245,nm2973437,nm1090791,nm1959289,nm1196235,nm10649797
tt9826656	nm0476206,nm4084827,nm0866661,nm5614206	nm5504028,nm2658098,nm1802524,nm10649792,nm0420640,nm2776397,nm2841452,nm2834874,nm4582245,nm2973437,nm1090791,nm1959289,nm1196235,nm10649797
tt9826658	\N	nm4913514
tt9826660	nm9901456	nm9901456
tt9826662	nm2448210	nm2448210
tt9826666	\N	\N
tt9826668	nm10497790	nm10497790,nm12507426,nm4120697
tt9826670	nm5204704	nm2180779
tt9826672	nm9488894	nm9488894
tt9826674	\N	\N
tt9826676	nm0379365	\N
tt9826678	nm10497800	nm10497801
tt9826680	nm0789783	\N
tt9826682	\N	nm6178027
tt9826684	nm10037263,nm10037399	\N
tt9826686	\N	nm10344098
tt9826688	nm2286586	\N
tt9826690	nm10497818,nm2711875	nm10497818
tt9826694	\N	\N
tt9826696	\N	\N
tt9826698	nm0141132,nm1050453,nm1672066	nm1738748,nm3952974,nm0078855,nm0153228,nm1760975,nm0221497,nm10499082,nm1802598,nm1774207,nm0525195,nm2741870,nm4580565,nm5252331,nm0723917,nm2193129,nm1929492,nm0844327
tt9826700	nm7814242	nm5071842,nm4301534
tt9826702	nm0789783	\N
tt9826704	\N	nm3986132
tt9826706	nm4489288	nm4489288
tt9826708	\N	nm2415818,nm2341875
tt9826710	nm2652025	nm2652025
tt9826712	nm10045504	nm10045504
tt9826716	nm4489288	nm4489288
tt9826718	\N	\N
tt9826720	\N	\N
tt9826722	\N	nm10305420
tt9826724	nm1982889,nm0194780	nm0761860
tt9826726	\N	\N
tt9826728	nm4489288	nm4489288
tt9826730	\N	nm2415818,nm2341875
tt9826734	\N	\N
tt9826736	\N	\N
tt9826738	\N	\N
tt9826740	\N	\N
tt9826742	\N	\N
tt9826744	\N	\N
tt9826746	\N	\N
tt9826748	\N	\N
tt9826750	\N	\N
tt9826752	\N	\N
tt9826754	nm9202788	nm9202788
tt9826758	\N	\N
tt9826762	\N	\N
tt9826764	\N	\N
tt9826766	\N	\N
tt9826768	nm4489288	nm4489288
tt9826770	\N	\N
tt9826772	\N	\N
tt9826774	\N	\N
tt9826776	\N	\N
tt9826778	\N	\N
tt9826780	nm3128396	nm3128396
tt9826782	\N	\N
tt9826784	\N	\N
tt9826786	nm10497908	nm10495070
tt9826788	nm1161474	\N
tt9826790	\N	nm2429688
tt9826792	nm0141132,nm1050453,nm1672066	nm1738748,nm3952974,nm0078855,nm1760975,nm0221497,nm10499082,nm1802598,nm1774207,nm0525195,nm2446850,nm2741870,nm4580565,nm5252331,nm0723917,nm2193129,nm1929492,nm0844327
tt9826796	\N	nm9340766
tt9826798	nm10497892	\N
tt9826800	\N	\N
tt9826804	\N	\N
tt9826806	\N	\N
tt9826808	\N	\N
tt9826810	\N	\N
tt9826812	\N	\N
tt9826814	nm4981323	nm4489288
tt9826816	\N	\N
tt9826818	nm10497903,nm10497902	nm10497903
tt9826820	nm2916138	nm2916138
tt9826822	nm10497908	nm10495070
tt9826824	\N	\N
tt9826826	nm8647803	\N
tt9826828	nm1419541	nm5516131
tt9826830	nm10497912	nm10497912,nm10497913
tt9826832	nm4489288	nm4489288
tt9826834	\N	nm10305420
tt9826836	\N	\N
tt9826838	nm4489288	nm4489288
tt9826840	nm8647803	\N
tt9826842	\N	\N
tt9826844	nm10497554	nm10497554
tt9826846	nm4489288	nm4489288
tt9826848	nm6621949	nm6621949
tt9826850	nm4489288	nm4489288
tt9826852	\N	\N
tt9826854	\N	\N
tt9826856	nm8647803	\N
tt9826858	nm4489288	nm4489288
tt9826860	nm4303832	nm4303832
tt9826862	nm3147951	nm3147951
tt9826864	nm10497908	nm10495070
tt9826866	nm8718580	\N
tt9826868	nm4489288	nm4489288
tt9826872	nm4489288	nm4489288
tt9826874	nm1100684	nm1972689,nm1972285,nm0373482,nm0465620,nm8388018,nm3164728
tt9826876	nm4489288	nm4489288
tt9826878	\N	\N
tt9826880	\N	\N
tt9826882	\N	\N
tt9826884	\N	\N
tt9826886	\N	\N
tt9826890	\N	\N
tt9826894	nm10489714	nm10489715,nm10489714
tt9826898	nm5620419	nm5670752
tt9826900	nm8725512	\N
tt9826902	nm4489288	nm4489288
tt9826904	\N	\N
tt9826906	\N	\N
tt9826908	\N	\N
tt9826910	\N	\N
tt9826914	nm10489714	nm10489715,nm10489714
tt9826916	\N	\N
tt9826918	\N	\N
tt9826922	\N	\N
tt9826924	nm4489288	nm4489288
tt9826926	nm9777596	nm9777596
tt9826928	\N	\N
tt9826930	nm4583208,nm2884369	nm2884369
tt9826932	nm0878233	nm2910269,nm0600077,nm4083693
tt9826934	nm4489288	nm4489288
tt9826936	nm10489714	nm10489715,nm10489714
tt9826938	nm1153493	nm1153493
tt9826940	\N	\N
tt9826942	nm4489288	nm4489288
tt9826944	nm10489714	nm10489715,nm10489714
tt9826946	nm4489288	nm4489288
tt9826948	nm4489288	nm4489288
tt9826950	nm0063764	nm10294076,nm1818265
tt9826952	\N	\N
tt9826954	nm1803814	\N
tt9826956	nm4489288	nm4489288
tt9826958	nm8369614	nm8369614
tt9826960	nm4489288	nm4489288
tt9826962	nm4489288	nm4489288
tt9826964	nm9611568	nm9611568
tt9826966	nm10427259	\N
tt9826968	nm4489288	nm4489288
tt9826972	\N	\N
tt9826974	nm2354990	\N
tt9826976	nm4489288	nm4489288
tt9826978	nm3843061	nm3843061
tt9826980	nm4489288	nm4489288
tt9826982	nm4498329	\N
tt9826984	nm7953528,nm3494619	nm2388037,nm0557266
tt9826986	nm0789783	\N
tt9826988	nm4406237	nm4406237
tt9826990	nm10492716	nm10489715,nm10492716
tt9826992	nm2432523	nm2432523
tt9826994	nm4489288	nm4489288
tt9826998	nm7571754	nm7571754
tt9827000	nm4489288	nm4489288
tt9827002	nm5097863	\N
tt9827004	nm4489288	nm4489288
tt9827008	nm4489288	nm4489288
tt9827010	nm5097863	\N
tt9827012	nm10498012,nm10498011	nm10498012,nm10498011
tt9827014	nm1515269	nm2604265
tt9827016	nm7571754	nm7571754
tt9827018	\N	\N
tt9827020	nm4489288	nm4489288
tt9827022	\N	\N
tt9827024	\N	\N
tt9827026	\N	\N
tt9827028	\N	\N
tt9827030	\N	\N
tt9827032	nm4489288	nm4489288
tt9827034	\N	\N
tt9827036	\N	\N
tt9827038	\N	\N
tt9827040	\N	\N
tt9827042	nm4489288	nm4489288
tt9827044	nm3935304	\N
tt9827046	\N	\N
tt9827048	\N	\N
tt9827050	nm4489288	nm4489288
tt9827052	\N	\N
tt9827054	\N	\N
tt9827056	nm4489288	nm4489288
tt9827060	nm10492716	nm10489715,nm10492716
tt9827062	\N	\N
tt9827064	nm0194780	nm0761860
tt9827066	nm4489288	nm4489288
tt9827068	\N	nm3037941
tt9827072	nm0665889,nm2554911	nm0050198,nm2758012,nm4737401,nm0312429,nm1968686,nm8796700,nm1729395,nm2578339,nm3615800,nm8053058,nm2296563
tt9827074	nm4489288	nm4489288
tt9827076	nm2554911,nm0665889	nm0050198,nm2758012,nm4737401,nm0312429,nm1968686,nm8796700,nm1729395,nm2578339,nm3615800,nm8053058,nm2296563
tt9827080	nm2554911,nm0665889	nm0050198,nm2758012,nm4737401,nm0312429,nm1968686,nm8796700,nm1729395,nm2578339,nm3615800,nm8053058,nm2296563
tt9827082	\N	\N
tt9827084	nm0665889,nm2554911	nm0050198,nm2758012,nm4737401,nm0312429,nm1968686,nm8796700,nm1729395,nm2578339,nm3615800,nm8053058,nm2296563
tt9827086	nm0665889,nm2554911	nm1968686,nm8053058
tt9827090	nm0665889,nm2554911	nm0050198,nm2758012,nm4737401,nm0312429,nm1968686,nm8796700,nm1729395,nm2578339,nm3615800,nm8053058,nm2296563
tt9827092	nm4489288	nm4489288
tt9827094	nm4489288	nm4489288
tt9827096	nm4489288	nm4489288
tt9827098	nm4489288	nm4489288
tt9827100	\N	\N
tt9827104	nm4489288	nm4489288
tt9827106	nm3531930	\N
tt9827108	\N	\N
tt9827110	\N	\N
tt9827112	nm4489288	nm4489288
tt9827114	nm4845997,nm1366551,nm0542120	\N
tt9827116	nm4489288	nm4489288
tt9827118	nm5097863	\N
tt9827120	\N	\N
tt9827122	nm0923423	nm1545960,nm1393076
tt9827124	\N	\N
tt9827126	\N	\N
tt9827130	nm4489288	nm4489288
tt9827132	nm5097863	\N
tt9827134	\N	nm1520887,nm3501927,nm1515877
tt9827136	\N	\N
tt9827138	nm5456052,nm4121152	nm9674312,nm4121152
tt9827140	\N	\N
tt9827142	nm4489288	nm4489288
tt9827144	\N	\N
tt9827146	nm4489288	nm4489288
tt9827148	nm10331847	nm10331844
tt9827150	nm5097863	\N
tt9827152	nm4489288	nm4489288
tt9827154	\N	\N
tt9827156	nm2961108,nm5709592	nm0092736,nm5709592,nm0370475
tt9827158	nm1894855	nm1894855,nm3468769
tt9827160	nm5097863	\N
tt9827162	nm4489288	nm4489288
tt9827164	\N	\N
tt9827166	nm10331847	nm10331844
tt9827168	\N	\N
tt9827170	nm1050453	nm2561371,nm3836016,nm2294940,nm1789776,nm3825120,nm1126800
tt9827172	nm4489288	nm4489288
tt9827174	nm10297765	\N
tt9827176	nm5097863	\N
tt9827178	\N	\N
tt9827180	nm10297765	\N
tt9827182	nm10331847	nm10331844
tt9827184	nm1982889,nm0194780	nm1930902
tt9827186	\N	\N
tt9827188	nm10297765	\N
tt9827190	nm5097863	\N
tt9827192	nm10297765	\N
tt9827194	nm4845997	\N
tt9827196	nm4489288	nm4489288
tt9827198	nm10498087	nm9570390
tt9827200	nm10331847	nm10331844
tt9827202	\N	\N
tt9827204	nm10297765	\N
tt9827206	nm5615480	nm5615480
tt9827210	nm4489288	nm4489288
tt9827212	nm10331847	nm10331844
tt9827214	nm4489288	nm4489288
tt9827216	nm1982889,nm0194780	nm0761860
tt9827218	nm8181055,nm7781803	nm9837867
tt9827220	\N	\N
tt9827222	nm4489288	nm4489288
tt9827224	\N	\N
tt9827226	nm4489288	nm4489288
tt9827228	nm5097863	\N
tt9827230	nm0194780	nm1930902
tt9827232	nm5097863	\N
tt9827234	nm2002689	\N
tt9827236	\N	\N
tt9827238	nm3494951	nm3494951
tt9827240	nm10128838,nm2877453,nm0423639	nm7140008,nm2454343,nm1303850,nm8553453,nm8772112,nm2218715
tt9827242	nm10483380,nm4845997	\N
tt9827246	nm5097863	\N
tt9827250	\N	\N
tt9827252	nm1847706	nm1049081,nm1187873,nm11541324,nm2059457,nm2204042,nm2845407,nm4380835,nm7155562,nm8520516,nm8520520
tt9827254	nm2127453	\N
tt9827256	\N	\N
tt9827258	\N	\N
tt9827260	\N	\N
tt9827262	\N	\N
tt9827264	nm10348507	nm10348507
tt9827266	nm0590760	nm0345103,nm5355789,nm0022852,nm7132333,nm3736267,nm10417497
tt9827268	nm0501085	\N
tt9827272	nm8657743	nm8657743
tt9827274	nm1890387,nm0622934,nm3143165	nm1569740,nm4166617,nm1258882,nm2808738,nm1045959,nm5763477,nm1932068,nm9732308,nm2019300,nm2940057,nm2987572,nm1870111,nm2078635,nm2374838,nm6061048,nm10209103,nm1863751,nm4137535,nm6749567
tt9827276	nm3494951	nm3494951
tt9827278	nm5097863	\N
tt9827280	nm5097863	\N
tt9827282	nm1283825,nm0427323	nm2065330,nm5730942,nm2087483,nm9189616,nm5730943,nm3053887,nm2445954
tt9827284	nm5097863	\N
tt9827286	nm7610740	\N
tt9827290	nm5097863	\N
tt9827294	nm10498152	nm0701538
tt9827296	nm8692826,nm8245192,nm10030840	nm2620244,nm8669150,nm10030840,nm8245192,nm8692826,nm10593565
tt9827300	nm1768385	nm1768385
tt9827304	nm1214882	nm12867494
tt9827306	nm9968055	nm3228388
tt9827312	nm4929404	\N
tt9827314	nm2103438	nm2103438
tt9827316	nm9387003	\N
tt9827320	nm5097863	\N
tt9827322	nm5097863	\N
tt9827324	nm5097863	\N
tt9827326	nm5097863	\N
tt9827328	nm5097863	\N
tt9827330	nm5097863	\N
tt9827332	nm5097863	\N
tt9827334	nm2123209	\N
tt9827338	nm4347909	nm4347909
tt9827340	\N	\N
tt9827342	\N	\N
tt9827344	\N	nm0926073
tt9827346	nm1284340	nm0914844,nm4942394,nm1201863,nm2909417,nm7096641,nm10139671
tt9827348	\N	\N
tt9827350	nm8964335	nm8964335,nm10498169
tt9827352	nm10498171	\N
tt9827356	\N	\N
tt9827358	\N	\N
tt9827360	\N	\N
tt9827362	nm1227859	nm0341311
tt9827372	\N	\N
tt9827374	nm10498152	\N
tt9827376	\N	\N
tt9827378	nm1022180	nm0173743
tt9827380	\N	\N
tt9827382	\N	\N
tt9827384	\N	\N
tt9827386	\N	\N
tt9827388	nm8410168,nm11025506,nm11025507	\N
tt9827390	nm0210454	nm0393937
tt9827392	nm0210454	nm0393937
tt9827394	nm0210454	nm0393937
tt9827396	nm0210454	nm0393937
tt9827398	nm0210454	nm0393937
tt9827400	\N	\N
tt9827406	nm0513754	nm0671487,nm0790501
tt9827408	\N	\N
tt9827410	\N	\N
tt9827412	\N	\N
tt9827414	\N	\N
tt9827416	\N	\N
tt9827418	nm1206693	nm4627895,nm2527057,nm4669099,nm5104837,nm6348602,nm6919528,nm9226844
tt9827420	nm1206693	nm4627895,nm2527057,nm4669099,nm5104837,nm6348602,nm6919528,nm9226844
tt9827422	nm1206693	nm4627895,nm2527057,nm4669099,nm5104837,nm6348602,nm6919528,nm9226844
tt9827424	\N	\N
tt9827426	nm1206693	nm4627895,nm2527057,nm4669099,nm5104837,nm6348602,nm6919528,nm9226844
tt9827428	nm1206693	nm4627895,nm2527057,nm4669099,nm5104837,nm6348602,nm6919528,nm9226844
tt9827430	\N	\N
tt9827434	\N	nm9974653,nm5392344,nm4757453
tt9827436	\N	nm9974653,nm5392344,nm4757453
tt9827438	\N	nm9974653,nm5392344,nm4757453
tt9827440	\N	nm9974653,nm5392344,nm4757453
tt9827442	\N	\N
tt9827444	nm3082215	nm1508641
tt9827446	\N	\N
tt9827448	\N	\N
tt9827450	\N	\N
tt9827452	\N	\N
tt9827456	\N	\N
tt9827458	nm0821358	nm1772717
tt9827460	\N	\N
tt9827462	\N	\N
tt9827464	\N	\N
tt9827466	\N	nm4770479,nm2763839
tt9827468	\N	\N
tt9827470	\N	\N
tt9827472	\N	\N
tt9827474	\N	\N
tt9827478	\N	\N
tt9827480	\N	\N
tt9827482	\N	\N
tt9827484	\N	\N
tt9827486	\N	\N
tt9827488	\N	\N
tt9827490	\N	\N
tt9827492	\N	\N
tt9827494	\N	\N
tt9827496	\N	\N
tt9827498	\N	\N
tt9827500	\N	\N
tt9827502	\N	\N
tt9827504	\N	\N
tt9827506	\N	\N
tt9827508	\N	\N
tt9827510	\N	\N
tt9827512	nm9720393	nm9720393
tt9827514	\N	\N
tt9827516	\N	\N
tt9827518	\N	\N
tt9827520	\N	\N
tt9827522	\N	\N
tt9827524	\N	\N
tt9827526	nm3816678	nm3816678
tt9827528	nm2828308,nm2381192	nm1984342
tt9827530	\N	\N
tt9827532	\N	\N
tt9827534	\N	\N
tt9827536	\N	\N
tt9827538	nm1541261	nm10498234
tt9827540	\N	\N
tt9827542	nm9777596	nm9777596
tt9827544	\N	\N
tt9827546	\N	\N
tt9827548	\N	\N
tt9827550	\N	\N
tt9827552	\N	\N
tt9827554	\N	\N
tt9827556	nm2584860,nm10417059,nm0453743,nm10417060,nm10417058	nm10420834,nm10420835,nm10417056,nm10417057
tt9827558	nm0899169	nm0899169
tt9827560	nm3045922	nm6779093,nm3045922
tt9827562	\N	\N
tt9827566	\N	\N
tt9827568	nm10498247	nm10498247
tt9827570	\N	\N
tt9827572	nm2381192,nm2828308	nm1984342
tt9827574	nm7920254	nm7920254
tt9827576	\N	\N
tt9827578	\N	\N
tt9827580	\N	\N
tt9827582	\N	\N
tt9827584	\N	\N
tt9827586	nm2828308,nm2381192	nm1984342
tt9827588	nm1680821	\N
tt9827590	\N	\N
tt9827592	nm10495079	nm10495080,nm10498254,nm10495079
tt9827594	nm2381192,nm2828308	nm1984342
tt9827596	\N	\N
tt9827598	\N	\N
tt9827600	\N	\N
tt9827602	nm2828308,nm2381192	nm4598016,nm1984342
tt9827604	\N	\N
tt9827606	\N	\N
tt9827608	\N	\N
tt9827610	\N	\N
tt9827612	nm4673813	nm5823978
tt9827614	\N	\N
tt9827616	nm7610740	\N
tt9827618	\N	\N
tt9827620	nm2584860,nm10417059,nm0453743,nm10417060,nm10417058	nm10420834,nm10420835,nm10417056,nm10417057
tt9827622	\N	\N
tt9827624	\N	\N
tt9827626	\N	\N
tt9827628	nm10498270	nm10498270
tt9827630	\N	\N
tt9827632	nm0899169	nm0899169
tt9827636	\N	\N
tt9827638	nm7610740	\N
tt9827640	\N	\N
tt9827642	nm7610740	\N
tt9827644	nm2524367	nm1421594
tt9827646	nm6111356	nm6111356
tt9827648	\N	\N
tt9827650	nm0636152	nm0016546,nm3690965,nm0636152
tt9827652	nm0164053	nm5434945
tt9827654	nm4845997,nm1366551	\N
tt9827656	nm1366551,nm4845997	\N
tt9827658	\N	\N
tt9827660	\N	\N
tt9827662	nm4845997,nm1366551	\N
tt9827664	\N	\N
tt9827666	nm6747533	nm10498299,nm6747533
tt9827668	nm5321228	nm10498306
tt9827670	nm5043402	nm6152793
tt9827672	nm4845997,nm1366551	\N
tt9827674	nm7610740	\N
tt9827678	\N	\N
tt9827680	\N	\N
tt9827686	\N	\N
tt9827690	\N	\N
tt9827692	\N	\N
tt9827694	nm0453743,nm2584860,nm10417060,nm10417058,nm10417059	nm10420834,nm10420835,nm10417056,nm10417057
tt9827696	\N	\N
tt9827698	nm5706265	\N
tt9827700	nm10270126	\N
tt9827702	\N	\N
tt9827704	nm6963551	\N
tt9827706	nm5706265	\N
tt9827708	\N	\N
tt9827710	nm10417059,nm10417058,nm10417060,nm2584860,nm0453743	nm10420834,nm10420835,nm10417056,nm10417057
tt9827712	nm10498322	\N
tt9827714	\N	\N
tt9827716	\N	\N
tt9827718	\N	\N
tt9827720	\N	\N
tt9827722	\N	\N
tt9827724	nm7737044	nm7737044
tt9827726	\N	\N
tt9827728	\N	\N
tt9827730	\N	\N
tt9827732	\N	\N
tt9827734	\N	\N
tt9827736	\N	\N
tt9827738	\N	\N
tt9827740	nm10572390	\N
tt9827742	\N	\N
tt9827744	nm7610740	\N
tt9827746	\N	\N
tt9827748	\N	\N
tt9827750	nm10495079	nm10495080,nm10498254,nm10495079
tt9827752	\N	nm0682515
tt9827754	\N	\N
tt9827756	\N	\N
tt9827758	\N	\N
tt9827760	\N	nm12020013,nm6069641
tt9827764	\N	\N
tt9827766	\N	\N
tt9827768	\N	\N
tt9827770	\N	\N
tt9827772	nm2235640	nm5913581
tt9827774	\N	\N
tt9827776	nm1975761	nm1975761
tt9827778	nm2235640	nm5913581
tt9827780	nm7583512	nm6002257
tt9827782	nm7610740	\N
tt9827784	nm0794048	nm0794048
tt9827786	nm7610740	\N
tt9827788	\N	\N
tt9827790	\N	\N
tt9827792	\N	\N
tt9827794	\N	\N
tt9827796	\N	\N
tt9827798	\N	\N
tt9827800	\N	\N
tt9827802	\N	\N
tt9827804	\N	\N
tt9827806	\N	\N
tt9827808	\N	\N
tt9827810	\N	\N
tt9827812	\N	\N
tt9827814	\N	\N
tt9827816	\N	\N
tt9827818	\N	\N
tt9827822	\N	\N
tt9827824	\N	\N
tt9827826	\N	\N
tt9827828	\N	\N
tt9827830	nm7583512	nm6002257
tt9827832	\N	\N
tt9827834	nm0038811	nm0038811
tt9827836	nm1164403	\N
tt9827838	nm9587951	nm9587951
tt9827842	nm1164403	\N
tt9827844	nm1164403	\N
tt9827846	nm1164403	\N
tt9827848	nm1164403	\N
tt9827850	\N	nm9526396,nm1130644
tt9827852	nm1908112	nm1908112
tt9827854	nm4270072,nm0881461,nm0590889,nm0614682,nm0950506	nm0107302,nm0614682,nm1424318,nm4270072,nm8512806
tt9827856	\N	\N
tt9827858	nm0261794	nm3687821,nm1368206
tt9827860	nm8657743	\N
tt9827862	\N	\N
tt9827864	\N	nm8278972
tt9827866	\N	\N
tt9827868	\N	\N
tt9827870	\N	\N
tt9827872	\N	\N
tt9827876	nm10494482	nm10494482,nm10216646,nm9063363,nm4868916,nm8203850,nm2596907,nm6390140,nm10514142,nm4465568,nm6881001,nm7174297,nm8465230,nm6881486,nm10507773,nm0522454,nm1672194,nm10511110,nm10505863,nm10514785,nm10527998,nm10529847,nm10531033,nm10535649,nm9231011
tt9827878	\N	\N
tt9827880	nm1908112	nm1908112
tt9827882	nm1164403	\N
tt9827884	nm1164403	\N
tt9827888	nm1164403	\N
tt9827890	nm7837266	nm7837266
tt9827892	nm1164403	\N
tt9827894	nm8241786	nm8241786
tt9827896	nm1164403	\N
tt9827898	nm4007668	nm4007668,nm4007915
tt9827900	nm1164403	\N
tt9827904	nm9700812,nm10475709	nm9700812
tt9827906	nm6811809	\N
tt9827910	nm1164403	\N
tt9827912	\N	\N
tt9827914	nm1164403	\N
tt9827916	\N	\N
tt9827918	\N	\N
tt9827920	nm1164403	\N
tt9827922	\N	\N
tt9827924	\N	\N
tt9827926	nm10217526	nm10217526,nm0301826,nm0000709
tt9827928	nm3362141	\N
tt9827930	nm9244428	\N
tt9827932	nm9244428	\N
tt9827934	nm10308388	\N
tt9827936	nm4880918	\N
tt9827938	nm6111356	nm6111356
tt9827942	\N	\N
tt9827944	\N	\N
tt9827946	\N	\N
tt9827948	\N	\N
tt9827950	\N	\N
tt9827952	\N	\N
tt9827954	\N	\N
tt9827956	nm10498503	nm10498503
tt9827960	nm10308388	nm10498512
tt9827962	\N	nm5231152
tt9827964	\N	\N
tt9827966	\N	\N
tt9827972	\N	\N
tt9827974	nm6111356	nm6111356
tt9827976	nm0798243	nm0798243
tt9827980	\N	\N
tt9827982	nm10498552	nm10498552
tt9827984	\N	\N
tt9827986	\N	\N
tt9827988	\N	\N
tt9827990	\N	\N
tt9827996	nm0899169	nm0899169
tt9827998	nm7981131,nm7981125	nm7981131
tt9828000	\N	\N
tt9828002	\N	\N
tt9828004	nm7903650	nm7903650
tt9828006	\N	\N
tt9828008	\N	\N
tt9828010	\N	\N
tt9828012	\N	\N
tt9828014	\N	\N
tt9828018	\N	\N
tt9828020	\N	\N
tt9828022	\N	\N
tt9828026	nm0899169	nm0899169
tt9828028	\N	\N
tt9828030	\N	\N
tt9828032	\N	\N
tt9828036	\N	\N
tt9828038	nm0553243	\N
tt9828040	nm10498584,nm4717367,nm10498583,nm4689688,nm0798243	\N
tt9828042	nm0899169	nm0899169
tt9828046	\N	\N
tt9828048	nm9439684	\N
tt9828050	\N	\N
tt9828052	nm8235952	nm8235952
tt9828054	\N	\N
tt9828056	nm2599765	\N
tt9828058	\N	\N
tt9828060	nm2599765	\N
tt9828062	\N	\N
tt9828064	\N	\N
tt9828066	nm4801681	\N
tt9828068	\N	\N
tt9828072	\N	\N
tt9828074	nm4801681	\N
tt9828076	\N	\N
tt9828080	\N	\N
tt9828082	\N	\N
tt9828086	\N	\N
tt9828088	\N	\N
tt9828090	\N	\N
tt9828092	\N	\N
tt9828096	\N	\N
tt9828098	\N	\N
tt9828100	\N	\N
tt9828102	nm2599765	\N
tt9828104	nm2599765	\N
tt9828108	\N	\N
tt9828110	nm2599765	\N
tt9828112	\N	\N
tt9828118	\N	\N
tt9828120	nm4733112	nm4733112
tt9828122	\N	\N
tt9828126	\N	\N
tt9828130	\N	\N
tt9828132	nm4801681	\N
tt9828134	\N	\N
tt9828136	nm2599765	\N
tt9828138	\N	\N
tt9828140	nm2599765	\N
tt9828142	\N	\N
tt9828144	\N	\N
tt9828146	\N	\N
tt9828148	\N	\N
tt9828150	\N	\N
tt9828152	\N	\N
tt9828154	\N	\N
tt9828156	\N	\N
tt9828158	\N	\N
tt9828160	nm9388098	nm0694568
tt9828162	\N	\N
tt9828164	\N	\N
tt9828166	\N	\N
tt9828168	\N	\N
tt9828170	nm0884054	nm0884054
tt9828174	\N	\N
tt9828176	\N	\N
tt9828178	nm10498611	nm10498611
tt9828180	\N	\N
tt9828182	\N	\N
tt9828184	nm5556873,nm2719355	nm2719355,nm5556777,nm5556873
tt9828186	\N	nm7712286
tt9828188	\N	\N
tt9828192	\N	nm3875978
tt9828194	nm2733659	nm2733659
tt9828198	\N	\N
tt9828200	\N	\N
tt9828202	\N	\N
tt9828204	\N	\N
tt9828206	\N	nm8780177
tt9828208	nm0755788	nm2238711
tt9828210	nm2733659	nm2733659
tt9828212	nm1160484	\N
tt9828214	\N	nm7712286
tt9828216	nm2733659	nm2733659
tt9828218	nm2733659	nm2733659
tt9828222	nm0899169	nm0899169
tt9828226	\N	\N
tt9828228	\N	\N
tt9828230	\N	\N
tt9828232	\N	\N
tt9828234	\N	\N
tt9828236	\N	nm1064632
tt9828238	\N	\N
tt9828240	\N	\N
tt9828242	nm5304684,nm4406708,nm10410979,nm6332890	nm4406708
tt9828244	\N	\N
tt9828246	nm10410979,nm6332890,nm5304684,nm4406708	nm6332890
tt9828248	\N	nm2163973
tt9828250	\N	\N
tt9828252	\N	\N
tt9828254	nm3829368	nm4975188
tt9828256	\N	\N
tt9828258	\N	\N
tt9828260	nm1225848	nm1225848
tt9828262	\N	\N
tt9828264	nm3392052	nm3392052
tt9828268	\N	nm5609600
tt9828272	\N	\N
tt9828274	\N	\N
tt9828276	nm9484027	nm9484027
tt9828278	nm10498667	nm10498667
tt9828280	\N	\N
tt9828282	nm0481783	nm2486360
tt9828284	nm5609600,nm3199951	nm3199951
tt9828286	\N	\N
tt9828288	\N	\N
tt9828290	\N	\N
tt9828292	nm7583512	nm6002257
tt9828294	\N	\N
tt9828296	nm10498687	\N
tt9828298	\N	\N
tt9828300	\N	\N
tt9828302	\N	\N
tt9828304	\N	\N
tt9828306	nm0506853	nm3778167
tt9828308	\N	\N
tt9828310	\N	\N
tt9828312	\N	\N
tt9828314	\N	\N
tt9828316	\N	\N
tt9828318	\N	\N
tt9828320	\N	\N
tt9828322	\N	\N
tt9828324	\N	\N
tt9828326	\N	\N
tt9828328	\N	\N
tt9828330	nm10498698	\N
tt9828332	\N	\N
tt9828334	\N	\N
tt9828336	\N	\N
tt9828338	nm2163973	nm2163973,nm0656760
tt9828340	nm10498699	\N
tt9828342	\N	\N
tt9828344	nm4929295	\N
tt9828346	nm5389223,nm6322835	nm3253005
tt9828348	\N	\N
tt9828354	\N	\N
tt9828356	nm0069513	nm0358842,nm0403913,nm1119838,nm0752841,nm5054263,nm3065687,nm2954122,nm1629381,nm6399555,nm8166118
tt9828358	\N	\N
tt9828360	\N	\N
tt9828362	\N	\N
tt9828364	\N	\N
tt9828366	\N	\N
tt9828368	\N	\N
tt9828370	\N	\N
tt9828372	\N	\N
tt9828374	\N	\N
tt9828376	\N	\N
tt9828378	\N	\N
tt9828380	\N	\N
tt9828382	nm0004152	nm0886898
tt9828384	\N	\N
tt9828386	\N	\N
tt9828388	nm0436435	\N
tt9828390	\N	\N
tt9828392	\N	\N
tt9828394	nm2739943	nm0882621
tt9828396	\N	\N
tt9828398	\N	\N
tt9828400	\N	\N
tt9828402	\N	\N
tt9828404	\N	\N
tt9828406	\N	\N
tt9828408	nm1233826	nm1233826
tt9828410	\N	\N
tt9828412	\N	\N
tt9828414	\N	\N
tt9828416	\N	\N
tt9828418	nm0785177	\N
tt9828420	\N	\N
tt9828422	\N	\N
tt9828424	\N	\N
tt9828426	\N	\N
tt9828428	nm7342819	nm7342819,nm1474787
tt9828430	\N	\N
tt9828432	\N	\N
tt9828434	\N	\N
tt9828436	\N	\N
tt9828442	\N	\N
tt9828444	\N	\N
tt9828446	nm5971808	nm8134824,nm6771806
tt9828448	\N	\N
tt9828452	\N	\N
tt9828454	\N	\N
tt9828456	\N	\N
tt9828458	\N	\N
tt9828460	\N	\N
tt9828462	\N	\N
tt9828464	nm4323528	nm4323528,nm11137202,nm11137177,nm2866919,nm4459958
tt9828466	\N	\N
tt9828468	nm10498744,nm10498742,nm10498741,nm10498743,nm9228750,nm10709417	nm10498741,nm9228750,nm10709417,nm10498743
tt9828470	nm1233826	nm1233826
tt9828472	\N	\N
tt9828474	nm0306236	nm2910269,nm0600077,nm4083693
tt9828476	\N	\N
tt9828478	\N	\N
tt9828480	nm1417038	nm10281577,nm2550198,nm11019861
tt9828482	\N	\N
tt9828484	\N	\N
tt9828486	\N	\N
tt9828488	nm2428999,nm0865778	nm12389856,nm12389858,nm12389857
tt9828490	\N	\N
tt9828492	\N	nm2638656
tt9828494	\N	\N
tt9828496	\N	nm7796013,nm1346387
tt9828498	\N	\N
tt9828500	\N	nm7796013,nm1346387
tt9828502	\N	\N
tt9828504	\N	\N
tt9828506	\N	\N
tt9828508	\N	\N
tt9828510	\N	\N
tt9828512	\N	\N
tt9828514	\N	\N
tt9828516	\N	\N
tt9828518	\N	\N
tt9828520	\N	\N
tt9828522	nm9271869	nm9271869
tt9828524	nm0320667	nm0094541,nm0832785
tt9828526	\N	\N
tt9828528	nm0423398	nm0094541,nm0446859
tt9828530	\N	\N
tt9828532	nm0320667	nm0094541
tt9828534	\N	\N
tt9828536	nm0320667	nm0094541,nm0613323
tt9828538	nm1659777	\N
tt9828540	\N	\N
tt9828544	nm1204803	nm0094541,nm0970378
tt9828546	nm0423398	nm0094541,nm9518844
tt9828548	nm0798517	\N
tt9828550	\N	\N
tt9828552	nm4583208	\N
tt9828554	nm0423398	nm0094541
tt9828556	\N	\N
tt9828558	nm0798517	nm1217514
tt9828560	nm0320667	nm0094541,nm0833518
tt9828562	nm2038080,nm1803423,nm10631660,nm10634005,nm9767025,nm3129670,nm2711496,nm10964578	nm2438224,nm9664000
tt9828564	nm10026205	nm5989924,nm0302438,nm6250508
tt9828566	\N	\N
tt9828568	nm2884369	nm2884369
tt9828570	nm2730360	nm1889187
tt9828572	nm0423398	nm0094541
tt9828574	nm2884369	nm2884369
tt9828576	\N	\N
tt9828578	nm0320667	nm0094541,nm0833518
tt9828580	nm0798517	\N
tt9828582	\N	\N
tt9828584	\N	\N
tt9828586	nm10026205	nm5989924,nm10873732,nm10873731
tt9828588	\N	\N
tt9828590	\N	\N
tt9828592	nm2884369	nm2884369
tt9828594	\N	\N
tt9828596	nm1659777	\N
tt9828598	\N	\N
tt9828600	\N	nm10066489
tt9828602	nm1659777	nm1889187,nm1217514
tt9828604	\N	nm0094541,nm0832785,nm0833518
tt9828606	nm2730360	nm1889187
tt9828610	nm0840939	nm0094541,nm0833518
tt9828612	\N	nm0094541,nm0833518
tt9828614	\N	\N
tt9828616	\N	\N
tt9828620	\N	\N
tt9828622	\N	nm10066489
tt9828626	nm2711496,nm2038080	nm9664000,nm2438224
tt9828628	\N	\N
tt9828630	\N	\N
tt9828632	\N	\N
tt9828634	\N	\N
tt9828636	\N	\N
tt9828638	\N	\N
tt9828640	\N	\N
tt9828642	nm2775161	nm2392528,nm2380807,nm2414113
tt9828644	\N	nm10498795
tt9828646	\N	\N
tt9828648	\N	\N
tt9828650	\N	\N
tt9828652	\N	\N
tt9828654	\N	\N
tt9828656	\N	\N
tt9828660	nm0619599,nm1202249,nm0239259	nm0844327,nm1804726,nm2808738,nm0034201,nm0182911,nm10318839,nm5375579
tt9828662	\N	\N
tt9828664	\N	\N
tt9828666	\N	\N
tt9828668	nm1626854	nm8869948
tt9828670	\N	\N
tt9828672	\N	\N
tt9828674	\N	\N
tt9828676	\N	\N
tt9828678	\N	\N
tt9828680	nm1626854	nm0839861
tt9828682	nm4895012	nm4895012
tt9828686	\N	\N
tt9828688	nm7662952	nm7662952
tt9828690	\N	\N
tt9828692	\N	\N
tt9828694	\N	\N
tt9828696	nm8216975	nm3525059,nm0948412
tt9828698	nm10498808	nm5581322,nm10498808
tt9828700	\N	\N
tt9828702	\N	\N
tt9828704	nm9721819	nm9721819,nm5414327
tt9828706	\N	\N
tt9828708	\N	\N
tt9828710	nm4895012	nm4895012
tt9828712	\N	\N
tt9828714	\N	\N
tt9828716	\N	\N
tt9828718	\N	\N
tt9828720	\N	\N
tt9828722	\N	\N
tt9828724	nm2895489	nm7336696,nm1309787,nm11670352,nm3280561,nm12314834
tt9828726	nm8216975	nm3525059,nm0948412
tt9828728	nm1271648	nm6183778,nm3396325
tt9828730	nm1129833	nm1129833,nm1119344,nm1896757
tt9828732	\N	\N
tt9828734	nm1271648	nm1749143,nm3396325
tt9828736	\N	\N
tt9828738	\N	\N
tt9828740	\N	\N
tt9828742	\N	\N
tt9828744	\N	\N
tt9828746	\N	\N
tt9828748	\N	\N
tt9828750	\N	\N
tt9828752	\N	\N
tt9828754	\N	\N
tt9828756	nm2896592	nm2896592,nm2458080,nm1128170,nm8709180
tt9828758	\N	\N
tt9828760	\N	\N
tt9828762	nm1395782,nm1813225	nm1395782
tt9828764	\N	\N
tt9828766	\N	\N
tt9828768	nm0251732	nm1104059,nm0949849,nm2196025,nm1665603,nm7724849,nm0166662,nm1003809,nm0256913
tt9828770	\N	\N
tt9828772	nm0961373	nm1104059,nm0949849,nm2196025,nm1665603,nm7724849,nm0166662,nm1014167,nm0774498
tt9828774	nm0719511	nm1104059,nm0949849,nm2196025,nm1665603,nm7724849,nm0166662,nm0956789,nm1042591
tt9828776	nm0567993	nm1104059,nm0949849,nm2196025,nm1665603,nm7724849,nm0166662,nm1014167,nm1020893
tt9828780	nm0567993	nm1104059,nm2196025,nm1665603,nm7724849,nm0166662,nm0956789,nm0774498
tt9828782	nm10498846	nm10498846
tt9828784	\N	\N
tt9828786	nm3699300	nm7461992
tt9828790	nm2895489	nm1309787,nm3280561,nm12314834
tt9828792	\N	\N
tt9828794	\N	\N
tt9828796	nm10310051	nm10310051
tt9828800	nm3887934,nm1534637,nm11085936,nm9877048,nm10552417,nm7290100,nm4127734	nm11085805,nm3887934
tt9828802	nm0001238	nm0000590,nm0001238
tt9828804	nm3887934	nm11085805,nm3887934
tt9828806	\N	\N
tt9828808	nm2804444,nm2368495	nm10498852,nm0562071
tt9828810	nm9461253	nm5770597
tt9828812	\N	\N
tt9828814	nm0739287	nm10498865,nm5047892
tt9828816	\N	\N
tt9828818	\N	\N
tt9828820	\N	\N
tt9828822	\N	\N
tt9828824	\N	\N
tt9828826	\N	\N
tt9828828	\N	\N
tt9828830	nm0826656	nm0718107,nm3648268,nm7420087,nm2103526,nm2778199,nm0527130,nm3498371
tt9828832	\N	\N
tt9828834	nm0213997	nm0213997,nm0265863,nm0690554,nm0758051
tt9828836	nm0213997	nm0213997,nm0265863,nm0690554,nm0758051
tt9828838	nm0213997	nm0213997,nm0265863,nm0690554,nm0758051
tt9828840	nm0213997	nm0213997,nm0265863,nm0690554,nm0758051
tt9828842	nm0213997	nm0213997,nm0265863,nm0690554,nm0758051
tt9828848	nm0213997	nm0213997,nm0265863,nm0690554,nm0758051
tt9828850	nm0213997	nm0213997,nm0265863,nm0690554,nm0758051
tt9828852	nm0213997	nm0213997,nm0265863,nm0690554,nm0758051
tt9828854	nm0213997	nm0213997,nm0265863,nm0690554,nm0758051
tt9828856	nm0213997	nm0213997,nm0265863,nm0690554,nm0758051
tt9828858	nm0213997	nm0213997,nm0265863,nm0690554,nm0758051
tt9828860	nm0213997	nm0213997,nm0265863,nm0690554,nm0758051
tt9828862	nm0213997	nm0213997,nm0265863,nm0690554,nm0758051
tt9828864	nm6518742	nm6518742
tt9828866	\N	\N
tt9828868	\N	\N
tt9828870	\N	\N
tt9828872	\N	\N
tt9828874	nm0213997	nm0213997,nm0265863,nm0690554,nm0758051
tt9828876	\N	\N
tt9828878	\N	\N
tt9828880	\N	\N
tt9828882	nm2374368,nm10061694,nm3331333	\N
tt9828884	\N	\N
tt9828886	\N	\N
tt9828888	nm3331333,nm2374368,nm10061694	\N
tt9828890	\N	\N
tt9828892	\N	\N
tt9828894	\N	\N
tt9828898	\N	\N
tt9828900	nm1434457	nm1434457
tt9828904	\N	\N
tt9828906	nm2980045	nm2980045
tt9828908	nm10460339	nm10460339,nm10498894
tt9828910	\N	\N
tt9828912	nm0059395	\N
tt9828914	nm0381874	nm0724857
tt9828916	\N	\N
tt9828918	nm0489309	nm0081179,nm0489309
tt9828920	\N	\N
tt9828922	\N	\N
tt9828926	\N	\N
tt9828928	\N	\N
tt9828930	nm10498880	nm10498880
tt9828932	\N	\N
tt9828934	\N	\N
tt9828936	nm0827899	\N
tt9828938	nm0476629	\N
tt9828940	nm4594914	nm4594914
tt9828942	\N	\N
tt9828944	\N	\N
tt9828946	\N	\N
tt9828948	\N	\N
tt9828952	nm8378131	nm8378135
tt9828954	nm10498583	nm10498583
tt9828958	\N	\N
tt9828960	nm10498625	nm10498625
tt9828962	\N	\N
tt9828964	\N	\N
tt9828966	nm4716695	nm4716695
tt9828968	\N	\N
tt9828970	\N	\N
tt9828972	nm4543887	\N
tt9828974	nm10499458	nm8276410
tt9828976	\N	\N
tt9828978	nm3741741	\N
tt9828980	nm4732863	nm4732863
tt9828982	nm1395782	\N
tt9828984	\N	\N
tt9828986	nm10499458	nm8276410
tt9828988	\N	\N
tt9828990	nm5399067	nm5414327
tt9828992	nm4594914	nm4594914
tt9828994	\N	nm4821345,nm0618540
tt9828996	\N	nm4821345,nm0618540
tt9828998	\N	\N
tt9829000	nm4081565	\N
tt9829002	nm1395782	\N
tt9829006	nm10455043	nm10455043
tt9829008	\N	\N
tt9829010	nm8753905	\N
tt9829012	nm7583512	nm6002257
tt9829014	nm8753905	\N
tt9829016	\N	\N
tt9829018	nm8753905	\N
tt9829020	\N	\N
tt9829022	\N	\N
tt9829024	\N	\N
tt9829026	nm8753905	\N
tt9829030	\N	\N
tt9829032	nm8753905	\N
tt9829038	\N	\N
tt9829040	nm8753905	\N
tt9829042	\N	\N
tt9829044	nm8753905	\N
tt9829046	\N	\N
tt9829048	nm8753905	\N
tt9829050	nm8378131	nm2980045
tt9829052	\N	\N
tt9829054	\N	\N
tt9829056	nm8753905	\N
tt9829058	\N	\N
tt9829060	nm8753905	\N
tt9829062	\N	\N
tt9829064	nm8753905	\N
tt9829066	\N	\N
tt9829068	nm2973820	\N
tt9829070	\N	\N
tt9829072	nm8753905	\N
tt9829074	\N	\N
tt9829076	nm7583512	nm6002257
tt9829078	\N	\N
tt9829080	nm10498948	nm10498948
tt9829082	nm8753905	\N
tt9829084	nm2973820	\N
tt9829088	\N	\N
tt9829090	nm10498956,nm10498955	\N
tt9829092	nm2247620	nm9179572
tt9829094	nm8753905	\N
tt9829096	\N	\N
tt9829098	nm8753905	\N
tt9829102	nm8753905	\N
tt9829104	\N	\N
tt9829106	\N	\N
tt9829108	nm5445367	nm1002207,nm5445367,nm10498969
tt9829110	nm8753905	\N
tt9829112	\N	\N
tt9829114	\N	\N
tt9829116	nm8753905	\N
tt9829118	\N	\N
tt9829120	\N	\N
tt9829122	nm8753905	\N
tt9829124	\N	\N
tt9829126	nm2973820	\N
tt9829128	\N	\N
tt9829130	nm8753905	\N
tt9829132	nm7583512	nm6002257
tt9829134	nm8753905	\N
tt9829136	nm2973820	\N
tt9829138	nm10498976	\N
tt9829140	nm8753905	\N
tt9829142	nm13217840,nm7731441,nm7423090	nm10504612,nm10509531,nm7135224
tt9829144	\N	\N
tt9829146	nm8753905	\N
tt9829148	nm3326271,nm1886898	nm2798916,nm2129326
tt9829150	nm2973820	\N
tt9829152	nm6529019	nm6529019
tt9829154	\N	\N
tt9829156	nm1877671	\N
tt9829158	\N	nm3782756,nm0892563
tt9829160	\N	\N
tt9829162	\N	\N
tt9829164	\N	\N
tt9829166	\N	\N
tt9829168	\N	\N
tt9829170	nm8240681	nm8240681,nm10498985,nm10421304
tt9829172	nm6518742	nm6518742
tt9829174	\N	\N
tt9829176	\N	\N
tt9829178	\N	\N
tt9829180	\N	\N
tt9829182	\N	\N
tt9829184	\N	\N
tt9829186	\N	nm1314316
tt9829188	\N	\N
tt9829190	\N	\N
tt9829192	\N	\N
tt9829194	nm1877671	\N
tt9829196	\N	\N
tt9829198	nm1877671	\N
tt9829200	nm1877671	\N
tt9829202	nm1877671	\N
tt9829204	nm1774384	\N
tt9829206	\N	\N
tt9829208	\N	\N
tt9829210	\N	nm0409353
tt9829212	\N	nm0409353
tt9829214	\N	\N
tt9829216	\N	\N
tt9829218	\N	\N
tt9829220	\N	\N
tt9829222	\N	\N
tt9829224	\N	\N
tt9829226	\N	\N
tt9829228	nm9881035	nm9881035
tt9829230	nm1877671	\N
tt9829232	nm1877671	\N
tt9829234	nm6915658	nm6915658
tt9829242	\N	nm8916771,nm7109244,nm2919233,nm0224851
tt9829244	\N	\N
tt9829246	\N	\N
tt9829248	\N	\N
tt9829250	\N	\N
tt9829252	\N	nm9653255
tt9829254	\N	\N
tt9829256	\N	\N
tt9829258	\N	\N
tt9829262	\N	nm9653252
tt9829264	\N	\N
tt9829266	\N	\N
tt9829268	nm10399166	nm10399166
tt9829270	\N	nm9653252
tt9829274	\N	nm9653255
tt9829278	\N	\N
tt9829280	\N	\N
tt9829282	nm0292365	nm10499056
tt9829284	nm3430615	nm3430615,nm8965270
tt9829286	\N	nm9653252
tt9829288	nm9908336	nm9908336
tt9829292	nm10408181	\N
tt9829294	nm3355616	nm3355616
tt9829296	nm7323132	\N
tt9829298	\N	nm9653252
tt9829300	nm7323132	\N
tt9829302	nm7323132	\N
tt9829306	\N	\N
tt9829308	nm1161474	\N
tt9829310	\N	nm0386740
tt9829312	\N	\N
tt9829314	\N	\N
tt9829316	\N	nm8417196,nm0730355
tt9829318	nm1161474	\N
tt9829320	\N	\N
tt9829324	nm3751038	nm3751038
tt9829326	\N	\N
tt9829328	nm2059316	\N
tt9829330	nm1346510	\N
tt9829332	nm2059316	\N
tt9829334	nm1161474	\N
tt9829336	nm2059316	\N
tt9829338	nm2059316	\N
tt9829340	nm2059316	\N
tt9829342	nm2059316	\N
tt9829344	nm2059316	\N
tt9829346	nm1395782	\N
tt9829348	nm2059316	\N
tt9829350	nm2059316	\N
tt9829352	nm2051050,nm0499673	nm6220896,nm0450846,nm0499673,nm2051050
tt9829354	nm2059316	\N
tt9829356	\N	\N
tt9829358	nm1161474	\N
tt9829360	nm2059316	\N
tt9829362	nm2170747	\N
tt9829364	nm2059316	\N
tt9829366	\N	\N
tt9829368	nm2059316	\N
tt9829370	nm2059316	\N
tt9829372	\N	\N
tt9829374	nm2059316	\N
tt9829376	\N	\N
tt9829378	nm2059316	\N
tt9829380	\N	\N
tt9829382	nm2059316	\N
tt9829384	nm1161474	\N
tt9829386	nm2059316	\N
tt9829388	\N	\N
tt9829390	nm2626381	\N
tt9829392	nm2626381	\N
tt9829394	nm2626381	\N
tt9829396	nm2626381	\N
tt9829398	nm1395782	\N
tt9829400	\N	\N
tt9829402	nm0726386	nm1811360
tt9829404	\N	\N
tt9829406	nm1161474	\N
tt9829408	\N	\N
tt9829410	nm10499109	\N
tt9829412	\N	\N
tt9829414	nm1395782	\N
tt9829416	\N	\N
tt9829418	nm8099474	\N
tt9829420	nm0994428	nm2956945
tt9829422	nm0994428	nm2956945
tt9829426	nm1161474	\N
tt9829428	nm3966877	\N
tt9829430	nm3966877	\N
tt9829432	nm5680369	\N
tt9829434	nm5680369	\N
tt9829436	nm5680369	\N
tt9829438	nm5680369	\N
tt9829440	nm5680369	\N
tt9829442	\N	\N
tt9829444	\N	\N
tt9829446	\N	\N
tt9829448	nm1161474	\N
tt9829450	\N	\N
tt9829452	nm1395782	\N
tt9829456	\N	\N
tt9829458	\N	\N
tt9829460	\N	\N
tt9829462	nm3575188,nm3035076,nm1125560	nm1125560,nm3035076,nm3575188
tt9829464	nm1395782	\N
tt9829466	\N	\N
tt9829468	nm1161474	\N
tt9829470	\N	\N
tt9829472	nm1395782	\N
tt9829474	nm10499109	\N
tt9829476	nm1161474	\N
tt9829478	\N	\N
tt9829480	\N	\N
tt9829482	nm1395782	\N
tt9829484	\N	\N
tt9829486	\N	\N
tt9829490	\N	\N
tt9829492	\N	\N
tt9829494	nm1395782	\N
tt9829498	nm10499146	\N
tt9829500	\N	\N
tt9829502	\N	\N
tt9829504	\N	\N
tt9829506	nm2633438	\N
tt9829508	\N	\N
tt9829510	nm9800289,nm9800290	nm9800290,nm9800289
tt9829512	nm1395782	\N
tt9829514	\N	\N
tt9829516	\N	\N
tt9829518	\N	\N
tt9829520	nm1395782	\N
tt9829522	\N	\N
tt9829524	\N	\N
tt9829526	\N	\N
tt9829528	nm1395782	\N
tt9829530	\N	\N
tt9829532	\N	\N
tt9829534	\N	\N
tt9829536	\N	\N
tt9829538	\N	\N
tt9829540	\N	\N
tt9829544	\N	\N
tt9829546	\N	\N
tt9829548	\N	\N
tt9829550	\N	\N
tt9829552	\N	\N
tt9829554	\N	\N
tt9829556	\N	\N
tt9829558	\N	\N
tt9829560	nm3126775	nm3126775
tt9829562	\N	\N
tt9829564	\N	\N
tt9829566	\N	\N
tt9829568	\N	\N
tt9829570	nm10193833	nm4113620
tt9829572	\N	\N
tt9829574	nm2388393	\N
tt9829576	nm2388393	\N
tt9829578	nm2388393	\N
tt9829580	\N	\N
tt9829584	\N	\N
tt9829586	nm4557019	nm4729652
tt9829588	nm1516991	nm7192990
tt9829590	nm1516991	nm7192990
tt9829592	nm1516991	nm7192990
tt9829594	nm1516991	nm7192990
tt9829596	nm1516991	nm7192990
tt9829598	nm1516991	nm7192990
tt9829600	nm1516991	nm7192990
tt9829602	nm1516991	nm7192990
tt9829604	nm1516991	nm7192990
tt9829606	nm1516991	nm7192990
tt9829608	\N	\N
tt9829610	nm1516991	nm7192990
tt9829612	nm1516991	nm7192990
tt9829614	nm1516991	nm7192990
tt9829616	nm1516991	nm7192990
tt9829618	nm1516991	nm7192990
tt9829620	nm1516991	nm7192990
tt9829622	\N	\N
tt9829624	nm1516991	nm7192990
tt9829626	\N	\N
tt9829628	nm1516991	nm7192990
tt9829630	nm1516991	nm7192990
tt9829632	nm1516991	nm7192990
tt9829634	\N	\N
tt9829636	\N	\N
tt9829638	nm1516991	nm7192990
tt9829640	nm1516991	nm7192990
tt9829642	\N	\N
tt9829644	nm1516991	nm7192990
tt9829646	nm1516991	nm7192990
tt9829648	nm1516991	nm7192990
tt9829650	nm1516991	nm7192990
tt9829652	nm1516991	nm7192990
tt9829654	nm1516991	nm7192990
tt9829656	nm1516991	nm7192990
tt9829658	nm1516991	nm7192990
tt9829660	nm1516991	nm7192990
tt9829662	nm1516991	nm7192990
tt9829664	nm1516991	nm7192990
tt9829666	nm1516991	nm7192990
tt9829668	nm1516991	nm7192990
tt9829670	nm1516991	nm7192990
tt9829672	nm1516991	nm7192990
tt9829674	nm1516991	nm7192990
tt9829676	nm1516991	nm7192990
tt9829678	nm8175519	nm9461994
tt9829680	nm2342348	nm2577976,nm3063447
tt9829682	nm0330848	\N
tt9829684	nm3126775	nm3126775
tt9829686	\N	\N
tt9829688	nm1245286,nm1246883	nm1171770,nm1840982,nm2412793,nm2992600
tt9829690	nm1246883,nm1245286	nm1171770,nm1840982,nm2412793,nm2992600
tt9829692	nm1246883,nm1245286	nm1171770,nm1840982,nm2412793,nm2992600
tt9829694	nm1246883,nm1245286	nm1171770,nm1840982,nm2412793,nm2992600
tt9829696	nm4942400	nm5355294,nm4942400
tt9829698	nm1246883,nm1245286	nm1171770,nm1840982,nm2412793,nm2992600
tt9829700	nm1245286,nm1246883	nm1171770,nm1840982,nm2412793,nm2992600
tt9829702	nm1246883,nm1245286	nm1840982,nm2412793,nm2992600,nm1171770
tt9829704	nm1246883,nm1245286	nm1171770,nm1840982,nm2412793,nm2992600
tt9829706	nm1246883,nm1245286	nm1171770,nm1840982,nm2412793,nm2992600
tt9829708	nm1246883,nm1245286	nm1171770,nm1840982,nm2412793,nm2992600
tt9829710	nm1245286,nm1246883	nm1171770,nm1840982,nm2412793,nm2992600
tt9829712	nm1245286,nm1246883	nm1171770,nm1840982,nm2412793,nm2992600
tt9829714	nm1246883,nm1245286	nm1171770,nm1840982,nm2412793,nm2992600
tt9829716	nm1246883,nm1245286	nm1171770,nm1840982,nm2412793,nm2992600
tt9829718	nm1246883,nm1245286	nm1171770,nm1840982,nm2412793,nm2992600
tt9829720	nm1246883,nm1245286	nm1171770,nm1840982,nm2412793,nm2992600
tt9829722	nm1246883,nm1245286	nm1171770,nm1840982,nm2412793,nm2992600
tt9829724	nm1246883,nm1245286	nm1171770,nm1840982,nm2412793,nm2992600
tt9829726	nm1246883,nm1245286	nm1171770,nm1840982,nm2412793,nm2992600
tt9829728	nm1246883,nm1245286	nm1171770,nm1840982,nm2412793,nm2992600
tt9829730	nm8498176,nm1516005,nm4443289	nm9494566,nm2761502,nm6945450
tt9829732	nm1516005,nm4443289,nm8498176	nm9494566,nm2761502,nm6945450
tt9829734	nm8498176,nm1516005,nm4443289	nm9494566,nm2761502,nm6945450
tt9829736	nm4443289,nm1516005,nm8498176	nm9494566,nm2761502,nm6945450
tt9829738	nm8498176,nm1516005,nm4443289	nm9494566,nm2761502,nm6945450
tt9829740	nm4443289,nm1516005,nm8498176	nm9494566,nm2761502,nm6945450
tt9829742	nm4443289,nm1516005,nm8498176	nm9494566,nm2761502,nm6945450
tt9829744	nm1516005,nm4443289,nm8498176	nm9494566,nm2761502,nm6945450
tt9829746	\N	\N
tt9829748	nm8498176,nm4443289,nm1516005	nm9494566,nm2761502,nm6945450
tt9829750	nm1516005,nm8498176,nm4443289	nm9494566,nm2761502,nm6945450
tt9829752	nm4443289,nm1516005,nm8498176	nm9494566,nm2761502,nm6945450
tt9829754	nm8498176,nm1516005,nm4443289	nm9494566,nm2761502,nm6945450
tt9829756	nm1516005,nm8498176,nm4443289	nm9494566,nm2761502,nm6945450
tt9829758	nm8498176,nm1516005,nm4443289	nm9494566,nm2761502,nm6945450
tt9829760	nm1516005,nm8498176,nm4443289	nm9494566,nm2761502,nm6945450
tt9829762	nm8498176,nm4443289,nm1516005	nm9494566,nm2761502,nm6945450
tt9829764	nm8498176,nm1516005,nm4443289	nm9494566,nm2761502,nm6945450
tt9829766	nm1516005,nm8498176,nm4443289	nm9494566,nm2761502,nm6945450
tt9829768	nm1516005,nm4443289,nm8498176	nm9494566,nm2761502,nm6945450
tt9829770	nm1516005,nm8498176,nm4443289	nm9494566,nm2761502,nm6945450
tt9829772	nm1516005,nm8498176,nm4443289	nm9494566,nm2761502,nm6945450
tt9829774	nm4443289,nm8498176,nm1516005	nm9494566,nm2761502,nm6945450
tt9829776	\N	\N
tt9829778	nm4443289,nm1516005,nm8498176	nm9494566,nm2761502,nm6945450
tt9829780	nm1516005,nm8498176,nm4443289	nm9494566,nm2761502,nm6945450
tt9829782	nm1516005,nm4443289,nm8498176	nm9494566,nm2761502,nm6945450
tt9829784	nm1516005,nm8498176,nm4443289	nm9494566,nm2761502,nm6945450
tt9829786	nm10227711	\N
tt9829788	nm1516005,nm8498176,nm4443289	nm9494566,nm2761502,nm6945450
tt9829790	nm1516005,nm8498176,nm4443289	nm9494566,nm2761502,nm6945450
tt9829792	nm4443289,nm1516005,nm8498176	nm9494566,nm2761502,nm6945450
tt9829794	nm4443289,nm8498176,nm1516005	nm9494566,nm2761502,nm6945450
tt9829796	nm1516005,nm8498176,nm4443289	nm9494566,nm2761502,nm6945450
tt9829798	nm8498176,nm1516005,nm4443289	nm9494566,nm2761502,nm6945450
tt9829800	nm4443289,nm8498176,nm1516005	nm9494566,nm2761502,nm6945450
tt9829802	nm1515269	nm2604265
tt9829804	nm4443289,nm8498176,nm1516005	nm9494566,nm2761502,nm6945450
tt9829806	nm7308521	nm7308521
tt9829808	nm4443289,nm8498176,nm1516005	nm9494566,nm2761502,nm6945450
tt9829810	nm1516005,nm8498176,nm4443289	nm9494566,nm2761502,nm6945450
tt9829812	nm8498176,nm1516005,nm4443289	nm9494566,nm2761502,nm6945450
tt9829814	nm1516005,nm8498176,nm4443289	nm9494566,nm2761502,nm6945450
tt9829816	nm1516005,nm4443289,nm8498176	nm9494566,nm2761502,nm6945450
tt9829818	nm4443289,nm8498176,nm1516005	nm9494566,nm2761502,nm6945450
tt9829820	nm8498176,nm1516005,nm4443289	nm9494566,nm2761502,nm6945450
tt9829822	nm8498176,nm1516005,nm4443289	nm9494566,nm2761502,nm6945450
tt9829824	nm4443289,nm8498176,nm1516005	nm9494566,nm2761502,nm6945450
tt9829826	nm8498176,nm1516005,nm4443289	nm9494566,nm2761502,nm6945450
tt9829828	nm8498176,nm1516005,nm4443289	nm9494566,nm2761502,nm6945450
tt9829830	nm8498176,nm1516005,nm4443289	nm9494566,nm2761502,nm6945450
tt9829832	nm1516005,nm8498176,nm4443289	nm9494566,nm2761502,nm6945450
tt9829834	nm1516005,nm8498176,nm4443289	nm9494566,nm2761502,nm6945450
tt9829836	nm1509895	nm1509895,nm10561678
tt9829838	nm4443289,nm8498176,nm1516005	nm9494566,nm2761502,nm6945450
tt9829840	nm1516005,nm4443289,nm8498176	nm9494566,nm2761502,nm6945450
tt9829842	nm8498176,nm4443289,nm1516005	nm9494566,nm2761502,nm6945450
tt9829844	nm4443289,nm1516005,nm8498176	nm9494566,nm2761502,nm6945450
tt9829846	nm4443289,nm8498176,nm1516005	nm9494566,nm2761502,nm6945450
tt9829848	nm1516005,nm8498176,nm4443289	nm9494566,nm2761502,nm6945450
tt9829850	nm4443289,nm1516005,nm8498176	nm9494566,nm2761502,nm6945450
tt9829852	nm1516005,nm4443289,nm8498176	nm9494566,nm2761502,nm6945450
tt9829854	nm1516005,nm8498176,nm4443289	nm9494566,nm2761502,nm6945450
tt9829856	nm8498176,nm4443289,nm1516005	nm9494566,nm2761502,nm6945450
tt9829858	nm4443289,nm8498176,nm1516005	nm9494566,nm2761502,nm6945450
tt9829860	nm1516005,nm8498176,nm4443289	nm9494566,nm2761502,nm6945450
tt9829862	nm7242866	\N
tt9829864	nm7242866	\N
tt9829866	nm7242866	\N
tt9829868	nm7242866	\N
tt9829870	nm7242866	\N
tt9829874	\N	\N
tt9829878	\N	\N
tt9829880	nm2611223	nm3690965,nm2611223
tt9829882	\N	\N
tt9829884	\N	\N
tt9829886	\N	\N
tt9829888	\N	\N
tt9829890	\N	\N
tt9829892	\N	\N
tt9829894	\N	\N
tt9829896	\N	\N
tt9829898	\N	\N
tt9829900	\N	\N
tt9829902	\N	\N
tt9829904	\N	\N
tt9829906	nm10207566	nm10207566,nm9818473
tt9829908	nm7620009,nm10499205	\N
tt9829910	\N	\N
tt9829912	\N	\N
tt9829914	\N	\N
tt9829916	\N	\N
tt9829918	\N	\N
tt9829920	\N	\N
tt9829922	nm1856740,nm1856745	nm1869642,nm1628284
tt9829924	nm1856745,nm1856740	nm1869642,nm1628284
tt9829926	nm1856745,nm1856740	nm1869642,nm1628284
tt9829928	nm1856740,nm1856745	nm1869642,nm1628284
tt9829930	nm1856740,nm1856745	nm1869642,nm1628284
tt9829932	nm1856740,nm1856745	nm1869642,nm1628284
tt9829934	nm1856745,nm1856740	nm1869642,nm1628284
tt9829936	nm1856740,nm1856745	nm1869642,nm1628284
tt9829938	nm1856745,nm1856740	nm1869642,nm1628284
tt9829940	nm1856740,nm1856745	nm1869642,nm1628284
tt9829942	\N	\N
tt9829944	nm1856740,nm1856745	nm1869642,nm1628284
tt9829946	\N	\N
tt9829948	nm1856745,nm1856740	nm1869642,nm1628284
tt9829950	\N	\N
tt9829952	nm1856740,nm1856745	nm1869642,nm1628284,nm5902840
tt9829954	nm1856740,nm1856745	nm1869642,nm1628284,nm5902840
tt9829956	nm1856740,nm1856745	nm1869642,nm1628284
tt9829958	nm1856740,nm1856745	nm1869642,nm1628284
tt9829960	\N	\N
tt9829962	nm1856745,nm1856740	nm1869642,nm1628284
tt9829964	\N	\N
tt9829966	nm0080387,nm0837788	nm0080387
tt9829968	nm1856740,nm1856745	nm1869642,nm1628284
tt9829970	nm1856740,nm1856745	nm1869642,nm1628284
tt9829972	nm1856745,nm1856740	nm1869642,nm1628284
tt9829974	nm1200234	nm0080139,nm1516043,nm1199935
tt9829976	nm1200234	nm0080139,nm1516043,nm1199935
tt9829980	nm1200234	nm0080139,nm1516043,nm1199935
tt9829982	nm1200234	nm0080139,nm1516043,nm1199935
tt9829984	nm1200234	nm0080139,nm1516043,nm1199935
tt9829986	nm1200234	nm0080139,nm1516043,nm1199935
tt9829988	nm1200234	nm0080139,nm1516043,nm1199935
tt9829990	nm1200234	nm0080139,nm1516043,nm1199935
tt9829992	nm1200234	nm0080139,nm1516043,nm1199935
tt9829994	nm1200234	nm0080139,nm1516043,nm1199935
tt9829996	nm1200234	nm0080139,nm1516043,nm1199935
tt9829998	nm1200234	nm0080139,nm1516043,nm1199935
